1 7 0 0 5 232575.57296875 420666.61625 232581.61125 420666.3884375 232581.5946875 420665.98875 232575.4571875 420666.2490625 232575.57296875 420666.61625 
2 7 0 0 5 232569.95578125 420651.8303125 232571.7628125 420648.9640625 232571.42375 420648.751875 232569.6165625 420651.618125 232569.95578125 420651.8303125 
3 7 0 0 5 232590.38546875 420651.9715625 232592.578125 420654.351875 232592.87125 420654.0796875 232590.67859375 420651.6996875 232590.38546875 420651.9715625 
4 1 0 0 5 232572.59328125 420658.9615625 232576.6528125 420652.48125 232574.25578125 420650.66125 232570.54 420656.6775 232572.59328125 420658.9615625 
5 1 0 0 5 232582.89296875 420652.7025 232588.330625 420658.4890625 232590.30890625 420656.318125 232585.42 420651.09125 232582.89296875 420652.7025 
6 1 0 0 5 232658.77609375 420608.5734375 232662.58640625 420601.93234375 232661.47515625 420599.9665625 232656.23203125 420609.0215625 232658.77609375 420608.5734375 
7 2 0 0 5 232657.73609375 420590.18546875 232664.23375 420593.5509375 232666.42390625 420589.42484375 232659.83109375 420586.20109375 232657.73609375 420590.18546875 
8 2 0 0 5 232643.47171875 420612.28375 232648.91484375 420616.63 232651.47234375 420613.625 232645.85359375 420609.34015625 232643.47171875 420612.28375 
9 7 0 0 5 232647.4590625 420607.13625 232650.5065625 420609.233125 232650.73203125 420608.9028125 232647.6846875 420606.80578125 232647.4590625 420607.13625 
10 2 0 0 5 232658.75640625 420595.845625 232661.83 420597.65359375 232662.0315625 420597.308125 232658.95796875 420595.50015625 232658.75640625 420595.845625 
11 7 0 0 5 232666.7659375 420573.9715625 232669.89875 420575.56296875 232670.07859375 420575.205625 232666.94578125 420573.61421875 232666.7659375 420573.9715625 
12 7 0 0 5 232684.90625 420547.936875 232687.93875 420549.57953125 232688.12796875 420549.22703125 232685.09546875 420547.58453125 232684.90625 420547.936875 
13 7 0 0 5 232678.3028125 420546.64078125 232675.07265625 420547.14640625 232675.13609375 420547.54125 232678.36609375 420547.035625 232678.3028125 420546.64078125 
14 2 0 0 5 232679.5734375 420550.15015625 232685.99234375 420553.56265625 232686.93921875 420551.8009375 232680.33703125 420548.2153125 232679.5734375 420550.15015625 
15 1 0 2 16 18 5 232699.9409375 420534.33296875 232701.26390625 420527.33890625 232699.674375 420526.2303125 232698.18265625 420534.95265625 232699.9409375 420534.33296875 
16 7 14 0 5 232701.6771875 420533.89078125 232701.77078125 420531.206875 232701.3709375 420531.19453125 232701.27734375 420533.8784375 232701.6771875 420533.89078125 
17 7 0 0 5 232688.68578125 420533.82171875 232691.8184375 420535.4646875 232692.00296875 420535.10984375 232688.8703125 420533.46671875 232688.68578125 420533.82171875 
18 7 14 0 5 232696.7134375 420523.5740625 232699.518125 420523.6259375 232699.5240625 420523.2259375 232696.719375 420523.1740625 232696.7134375 420523.5740625 
19 7 0 0 5 232768.34390625 420531.31078125 232768.27140625 420527.7496875 232767.87140625 420527.74890625 232767.90703125 420531.32484375 232768.34390625 420531.31078125 
20 7 0 0 5 232778.7278125 420534.35359375 232778.73984375 420531.163125 232778.33984375 420531.163125 232778.3278125 420534.35359375 232778.7278125 420534.35359375 
21 1 0 2 19 20 5 232775.354375 420534.42984375 232775.39328125 420527.68984375 232771.39328125 420527.681875 232771.354375 420534.421875 232775.354375 420534.42984375 
22 1 0 0 5 232794.7165625 420537.52046875 232810.331875 420537.8334375 232810.584375 420535.54875 232794.2490625 420535.5821875 232794.7165625 420537.52046875 
23 7 14 0 5 232792.29984375 420531.3709375 232792.31703125 420527.77328125 232791.8490625 420527.77375 232791.82 420531.3459375 232792.29984375 420531.3709375 
24 7 14 0 5 232811.67703125 420535.07375 232811.6825 420531.40359375 232811.2825 420531.40453125 232811.27703125 420535.0746875 232811.67703125 420535.07375 
25 7 0 0 5 232855.549375 420531.49859375 232855.584375 420528.03921875 232855.184375 420528.03671875 232855.14953125 420531.49609375 232855.549375 420531.49859375 
26 7 0 0 5 232867.0759375 420534.80875 232867.04515625 420531.40328125 232866.64515625 420531.4084375 232866.6759375 420534.81390625 232867.0759375 420534.80875 
27 1 0 2 25 26 5 232863.649375 420534.99046875 232863.6325 420527.8821875 232858.63265625 420527.91296875 232858.649375 420535.02125 232863.649375 420534.99046875 
28 7 14 0 5 232694.52484375 420378.90984375 232697.68515625 420378.98859375 232697.69359375 420378.58859375 232694.53328125 420378.50984375 232694.52484375 420378.90984375 
29 7 14 0 5 232704.8840625 420369.35671875 232704.86828125 420365.60734375 232704.46828125 420365.613125 232704.45828125 420369.38609375 232704.8840625 420369.35671875 
30 7 14 0 5 232697.849375 420357.59765625 232700.375 420357.65734375 232700.38296875 420357.2575 232697.85734375 420357.1978125 232697.849375 420357.59765625 
31 7 14 0 5 232796.86265625 420365.3746875 232796.8753125 420362.00046875 232796.4753125 420362.00046875 232796.46265625 420365.3746875 232796.86265625 420365.3746875 
32 7 0 0 5 232816.41109375 420368.01203125 232816.4109375 420364.4875 232816.0109375 420364.4890625 232816.01109375 420368.01359375 232816.41109375 420368.01203125 
33 1 0 0 5 232813.07640625 420368.26828125 232812.94421875 420360.38328125 232810.928125 420357.7196875 232810.99625 420368.27703125 232813.07640625 420368.26828125 
34 7 14 0 5 232806.61109375 420356.248125 232810.28453125 420356.1690625 232810.27453125 420355.76921875 232806.6009375 420355.84828125 232806.61109375 420356.248125 
35 7 0 0 5 232827.3334375 420364.52828125 232827.37375 420361.03734375 232826.97375 420361.03421875 232826.9334375 420364.5253125 232827.3334375 420364.52828125 
36 2 0 0 5 232802.96609375 420328.56453125 232810.24375 420328.56515625 232810.2303125 420324.96515625 232802.95265625 420324.96453125 232802.96609375 420328.56453125 
37 7 14 0 5 232802.945 420284.3415625 232806.19265625 420284.2815625 232806.18375 420283.8815625 232802.93609375 420283.9415625 232802.945 420284.3415625 
38 7 14 0 5 232818.1646875 420278.40421875 232818.12609375 420274.17421875 232817.72625 420274.179375 232817.76484375 420278.409375 232818.1646875 420278.40421875 
39 7 14 0 5 232806.07984375 420264.853125 232810.78796875 420264.90703125 232810.6734375 420264.52078125 232806.08296875 420264.453125 232806.07984375 420264.853125 
40 1 0 3 37 38 39 5 232814.295625 420280.19421875 232813.99859375 420268.2328125 232811.281875 420265.53875 232811.18625 420283.39328125 232814.295625 420280.19421875 
41 2 0 0 5 232834.97671875 420278.09734375 232835.0325 420270.51390625 232829.80515625 420270.4940625 232829.65546875 420278.1178125 232834.97671875 420278.09734375 
42 7 14 0 5 232802.73109375 420237.06609375 232805.98671875 420236.995 232805.97640625 420236.59515625 232802.72078125 420236.66625 232802.73109375 420237.06609375 
43 7 14 0 5 232812.2115625 420229.46734375 232812.53484375 420233.2771875 232812.93328125 420233.241875 232812.61 420229.43203125 232812.2115625 420229.46734375 
44 7 14 0 5 232805.83796875 420222.87625 232810.40390625 420222.743125 232810.2215625 420222.37015625 232805.8246875 420222.47640625 232805.83796875 420222.87625 
45 7 14 0 5 232846.22171875 420235.53890625 232849.68 420235.4184375 232849.6646875 420235.01875 232846.20625 420235.13921875 232846.22171875 420235.53890625 
46 7 14 0 5 232857.6540625 420232.4928125 232857.59859375 420229.48828125 232857.19875 420229.4971875 232857.2540625 420232.50171875 232857.6540625 420232.4928125 
47 2 0 0 5 232837.2271875 420226.5675 232837.2878125 420232.6228125 232840.8875 420232.573125 232840.826875 420226.5178125 232837.2271875 420226.5675 
48 7 0 0 5 232856.423125 420274.64828125 232856.46375 420271.02359375 232856.06375 420271.020625 232856.023125 420274.6453125 232856.423125 420274.64828125 
49 7 0 0 5 232863.4253125 420274.58078125 232863.3709375 420278.25546875 232863.77078125 420278.25984375 232863.8253125 420274.58515625 232863.4253125 420274.58078125 
50 1 0 2 48 49 5 232860.8971875 420278.175 232860.9109375 420270.975625 232858.9109375 420270.979375 232858.8971875 420278.17875 232860.8971875 420278.175 
51 2 0 0 5 232916.5159375 420382.06015625 232923.6621875 420382.114375 232923.6765625 420378.314375 232916.5303125 420378.26015625 232916.5159375 420382.06015625 
52 7 0 0 5 232919.9646875 420414.56875 232923.5125 420414.58234375 232923.5125 420414.18234375 232919.9646875 420414.16875 232919.9646875 420414.56875 
53 7 0 0 5 232916.795 420427.2634375 232919.96921875 420427.25890625 232919.9671875 420426.85890625 232916.79296875 420426.8634375 232916.795 420427.2634375 
54 1 0 2 52 53 5 232927.82265625 420423.99171875 232927.95484375 420416.22390625 232925.95515625 420416.185625 232925.7940625 420424.216875 232927.82265625 420423.99171875 
55 1 0 2 291 292 5 232916.501875 420442.11046875 232923.76921875 420441.95421875 232923.71359375 420439.755 232916.44625 420439.91109375 232916.501875 420442.11046875 
56 1 0 2 289 290 5 232916.5184375 420465.6809375 232923.73109375 420465.70828125 232923.73109375 420463.50828125 232916.5184375 420463.4809375 232916.5184375 420465.6809375 
57 1 0 0 5 232916.53234375 420483.36234375 232923.83953125 420483.39015625 232923.83953125 420481.19015625 232916.53234375 420481.16234375 232916.53234375 420483.36234375 
58 1 0 1 63 5 232916.80140625 420514.8534375 232937.4759375 420514.71578125 232937.45515625 420512.7159375 232916.78046875 420512.85359375 232916.80140625 420514.8534375 
59 1 0 3 61 62 64 5 232914.239375 420527.73875 232915.87265625 420535.145 232919.03328125 420535.12359375 232916.200625 420527.02796875 232914.239375 420527.73875 
60 2 0 0 5 232900.1025 420528.00453125 232900.1128125 420535.01 232903.71265625 420535.04453125 232903.79 420527.95171875 232900.1025 420528.00453125 
61 7 14 0 5 232912.0134375 420531.45078125 232912.0665625 420528.126875 232911.6665625 420528.12203125 232911.6134375 420531.4459375 232912.0134375 420531.45078125 
62 7 14 0 5 232920.24796875 420538.3203125 232930.79765625 420538.118125 232930.7884375 420537.71828125 232920.23875 420537.9203125 232920.24796875 420538.3203125 
63 7 14 0 5 232916.7846875 420516.81515625 232919.90484375 420516.79359375 232919.900625 420516.39375 232916.78046875 420516.4153125 232916.7846875 420516.81515625 
64 7 14 0 5 232919.9075 420525.69703125 232923.36515625 420525.74359375 232923.36890625 420525.34359375 232919.91140625 420525.29703125 232919.9075 420525.69703125 
65 7 14 0 5 232919.90671875 420493.75078125 232923.431875 420493.78078125 232923.43390625 420493.38078125 232919.90859375 420493.35078125 232919.90671875 420493.75078125 
66 7 14 0 5 232936.1509375 420512.1215625 232936.1915625 420508.53015625 232935.7915625 420508.5271875 232935.7509375 420512.1184375 232936.1509375 420512.1215625 
67 7 0 0 5 232946.8271875 420508.47421875 232946.82828125 420504.61546875 232946.42828125 420504.616875 232946.4271875 420508.475625 232946.8271875 420508.47421875 
68 7 14 0 5 232963.9571875 420522.17375 232970.81921875 420522.19984375 232970.81921875 420521.79984375 232963.9571875 420521.77375 232963.9571875 420522.17375 
69 7 14 0 5 232970.7365625 420577.970625 232977.57671875 420578.05078125 232977.57984375 420577.65078125 232970.73984375 420577.570625 232970.7365625 420577.970625 
70 7 0 0 5 232963.96875 420621.9184375 232970.83046875 420622.025625 232970.83515625 420621.625625 232963.9734375 420621.5184375 232963.96875 420621.9184375 
71 7 0 0 5 232987.65015625 420612.25921875 232988.50546875 420607.67671875 232988.13015625 420607.5825 232987.25578125 420612.1921875 232987.65015625 420612.25921875 
72 1 0 0 5 232963.968125 420618.49375 232980.8165625 420618.76046875 232984.686875 420612.8565625 232963.335625 420612.450625 232963.968125 420618.49375 
73 1 0 0 5 232961.62828125 420602.233125 232961.70859375 420610.81734375 232963.5578125 420613.01359375 232963.4278125 420602.19140625 232961.62828125 420602.233125 
74 1 0 2 69 296 5 232963.57015625 420599.09234375 232963.6471875 420586.8459375 232961.6471875 420586.84953125 232961.65 420599.04921875 232963.57015625 420599.09234375 
75 1 0 1 69 5 232963.80171875 420586.9234375 232977.61015625 420587.03984375 232977.645625 420581.03984375 232963.89984375 420580.9065625 232963.80171875 420586.9234375 
76 1 0 0 5 232984.7428125 420613.13265625 232983.5925 420599.484375 232978.22984375 420596.31546875 232980.14640625 420613.0278125 232984.7428125 420613.13265625 
78 1 0 4 67 68 68 295 11 232963.9796875 420518.63234375 232963.34453125 420516.775625 232961.9765625 420515.35875 232960.48625 420514.30828125 232957.7990625 420512.8425 232982.64390625 420512.6715625 232980.17640625 420513.77078125 232978.7840625 420515.1878125 232977.78234375 420517.09328125 232977.538125 420518.68109375 232963.9796875 420518.63234375 
79 2 0 0 5 232700.39890625 420348.148125 232700.43875 420346.10921875 232694.6353125 420346.03234375 232694.62265625 420348.09953125 232700.39890625 420348.148125 
80 2 0 0 5 232701.47859375 420281.2034375 232701.4959375 420279.2878125 232694.23109375 420279.223125 232694.20359375 420281.16359375 232701.47859375 420281.2034375 
81 2 0 0 5 232701.6484375 420190.805 232701.65578125 420188.85203125 232695.01703125 420188.76484375 232694.9990625 420190.87953125 232701.6484375 420190.805 
125 1 0 0 5 232963.9521875 420663.3259375 232980.65859375 420663.54375 232980.62265625 420660.6665625 232963.91625 420660.4484375 232963.9521875 420663.3259375 
126 7 0 0 5 232963.98375 420665.9196875 232970.72015625 420665.7903125 232970.70265625 420665.3365625 232963.98578125 420665.4065625 232963.98375 420665.9196875 
129 1 0 0 5 232963.9121875 420659.576875 232963.98484375 420649.1675 232960.68484375 420649.1571875 232960.6121875 420659.56625 232963.9121875 420659.576875 
130 7 0 0 5 232973.95078125 420647.1665625 232980.73015625 420647.065625 232980.71703125 420646.3659375 232973.93765625 420646.466875 232973.95078125 420647.1665625 
131 2 0 0 5 232963.93875 420650.648125 232970.0859375 420650.68375 232970.091875 420648.48375 232963.9446875 420648.448125 232963.93875 420650.648125 
132 2 0 0 5 232970.931875 420638.9925 232980.19890625 420639.0071875 232980.195 420636.8071875 232970.928125 420636.7925 232970.931875 420638.9925 
133 7 0 0 5 232535.234375 420631.39875 232537.188125 420628.5159375 232536.7515625 420628.226875 232534.8415625 420631.0609375 232535.234375 420631.39875 
134 7 0 0 5 232528.3078125 420626.883125 232528.3715625 420623.3109375 232527.96171875 420623.296875 232527.8809375 420626.9 232528.3078125 420626.883125 
135 7 0 0 5 232531.71765625 420621.974375 232534.32640625 420621.950625 232534.32 420621.450625 232531.71125 420621.474375 232531.71765625 420621.974375 
136 7 0 0 5 232529.2575 420616.7559375 232531.67609375 420616.7146875 232531.66765625 420616.3146875 232529.2490625 420616.35609375 232529.2575 420616.7559375 
137 7 0 0 5 232465.51875 420621.398125 232468.0296875 420621.38671875 232468.02625 420620.98671875 232465.51546875 420620.998125 232465.51875 420621.398125 
138 7 0 0 5 232460.64875 420627.1284375 232460.67859375 420623.66 232460.235 420623.7046875 232460.20015625 420627.1303125 232460.64875 420627.1284375 
139 7 0 0 5 232413.2396875 420630.716875 232413.26625 420627.23875 232412.86625 420627.2371875 232412.8396875 420630.7153125 232413.2396875 420630.716875 
140 7 0 0 5 232401.47671875 420620.08046875 232404.79375 420620.07203125 232404.79125 420619.67203125 232401.47421875 420619.68046875 232401.47671875 420620.08046875 
141 7 0 0 5 232401.3828125 420609.98375 232404.508125 420609.8946875 232404.48515625 420609.41015625 232401.39140625 420609.53984375 232401.3828125 420609.98375 
142 7 0 0 5 232401.453125 420616.8053125 232398.3553125 420616.82734375 232398.3803125 420617.38203125 232401.46859375 420617.32578125 232401.453125 420616.8053125 
143 7 0 0 5 232398.11828125 420599.8240625 232401.3934375 420599.76359375 232401.38 420599.16375 232398.10484375 420599.22421875 232398.11828125 420599.8240625 
144 7 0 0 5 232401.2459375 420592.33515625 232404.5103125 420592.353125 232404.50859375 420591.86 232401.24796875 420591.81421875 232401.2459375 420592.33515625 
145 7 0 0 5 232398.045 420582.0790625 232401.17 420582.09078125 232401.17 420581.59078125 232398.045 420581.5790625 232398.045 420582.0790625 
146 7 0 0 5 232401.023125 420574.69296875 232404.1075 420574.6540625 232404.099375 420574.15421875 232401.015 420574.19296875 232401.023125 420574.69296875 
147 7 0 0 5 232463.029375 420581.55140625 232465.3721875 420581.539375 232465.36875 420581.139375 232463.02578125 420581.15140625 232463.029375 420581.55140625 
148 7 0 0 5 232465.39734375 420592.11796875 232467.829375 420592.1103125 232467.8265625 420591.7103125 232465.39453125 420591.71796875 232465.39734375 420592.11796875 
149 7 0 0 5 232463.03953125 420599.45171875 232465.43296875 420599.41921875 232465.4259375 420599.01921875 232463.03265625 420599.051875 232463.03953125 420599.45171875 
150 7 0 0 5 232465.54 420609.97734375 232467.91453125 420609.9046875 232467.90078125 420609.505 232465.52625 420609.57765625 232465.54 420609.97734375 
151 7 0 0 5 232463.10953125 420617.03453125 232465.56171875 420617.0021875 232465.55484375 420616.6021875 232463.1028125 420616.63453125 232463.10953125 420617.03453125 
152 7 0 0 5 232528.8696875 420581.56328125 232531.30828125 420581.59765625 232531.3134375 420581.09765625 232528.87484375 420581.0634375 232528.8696875 420581.56328125 
153 7 0 0 5 232531.36140625 420591.88984375 232533.8071875 420591.8821875 232533.80375 420591.3821875 232531.35796875 420591.38984375 232531.36140625 420591.88984375 
154 7 0 0 5 232529.046875 420599.16203125 232531.47875 420599.20484375 232531.485625 420598.70484375 232529.05375 420598.66203125 232529.046875 420599.16203125 
155 7 0 0 5 232531.4946875 420609.45484375 232533.99453125 420609.4978125 232534.00125 420608.9978125 232531.50140625 420608.95484375 232531.4946875 420609.45484375 
179 2 0 0 5 232816.156875 420534.75765625 232816.19015625 420528.5140625 232815.09015625 420528.5125 232815.056875 420534.75609375 232816.156875 420534.75765625 
185 2 0 0 5 232582.9946875 420727.5753125 232585.6965625 420727.521875 232585.64953125 420725.5225 232582.9478125 420725.5759375 232582.9946875 420727.5753125 
285 7 14 0 5 232802.26328125 420181.6178125 232805.67921875 420181.52953125 232805.66734375 420181.1296875 232802.25140625 420181.21796875 232802.26328125 420181.6178125 
286 7 0 0 5 232576.12015625 420726.3503125 232575.98078125 420719.7059375 232573.8040625 420720.385625 232573.9371875 420725.3103125 232576.12015625 420726.3503125 
289 7 0 0 5 232919.92046875 420462.9940625 232919.92046875 420462.754375 232923.414375 420462.8228125 232923.414375 420463.02828125 232919.92046875 420462.9940625 
290 7 0 0 5 232916.700625 420466.76203125 232916.700625 420466.5565625 232919.88609375 420466.59078125 232919.88609375 420466.79625 232916.700625 420466.76203125 
291 7 0 0 5 232919.95453125 420439.1534375 232919.95453125 420438.879375 232923.41421875 420438.91359375 232923.41421875 420439.08484375 232919.95453125 420439.1534375 
292 7 0 0 5 232916.7690625 420443.26390625 232916.7690625 420443.0240625 232919.88609375 420443.05828125 232919.9203125 420443.26390625 232916.7690625 420443.26390625 
294 7 14 0 5 232835.57625 420229.26734375 232835.67890625 420226.8009375 232835.9871875 420226.7496875 232835.88453125 420229.2159375 232835.57625 420229.26734375 
295 7 14 0 5 232969.53984375 420512.46890625 232969.4628125 420512.1609375 232982.5515625 420511.85296875 232982.5515625 420512.31484375 232969.53984375 420512.46890625 
296 7 0 0 5 232964.59640625 420593.5803125 232964.59640625 420587.72890625 232964.80171875 420587.7803125 232964.904375 420593.5803125 232964.59640625 420593.5803125 
297 1 0 0 5 231568.623984375 420811.061875 231590.895625 420815.246875 231589.409414063 420810.83125 231571.740625 420807.5 231568.623984375 420811.061875 
298 8 0 0 5 231644.071210937 420830.75375 231669.76828125 420835.7734375 231670.295 420833.0234375 231644.598007813 420828.00375 231644.071210937 420830.75375 
299 8 0 0 5 233166.3884375 419173.030625 233187.1065625 419156.939375 233185.50390625 419154.89203125 233164.78578125 419170.983359375 233166.3884375 419173.030625 
300 1 0 0 5 233003.77703125 419453.0784375 232999.44703125 419471.458125 233004.1615625 419469.1484375 233006.98125 419457.13328125 233003.77703125 419453.0784375 
301 7 0 0 5 233008.17765625 419464.73328125 233007.16921875 419469.405 233007.65828125 419469.50875 233008.666875 419464.83703125 233008.17765625 419464.73328125 
302 1 0 2 307 308 5 232977.23640625 419489.6890625 232992.51765625 419493.71671875 232994.7446875 419485.55828125 232980.58734375 419481.925625 232977.23640625 419489.6890625 
303 8 0 0 5 233082.24796875 419223.281328125 233102.84359375 419207.231796875 233101.17578125 419205.1084375 233080.5803125 419221.15796875 233082.24796875 419223.281328125 
304 8 0 0 5 232933.3846875 419641.62734375 232927.40890625 419653.49734375 232930.09359375 419654.83609375 232936.069375 419642.96609375 232933.3846875 419641.62734375 
305 8 0 0 5 232906.30640625 419668.4221875 232917.965625 419645.23921875 232915.44625 419643.98546875 232903.63078125 419667.0653125 232906.30640625 419668.4221875 
306 1 0 2 313 314 5 232897.209375 419675.8046875 232909.3175 419683.65 232913.576875 419676.878125 232901.5934375 419669.20609375 232897.209375 419675.8046875 
307 7 0 0 5 232988.84671875 419480.4178125 232995.59296875 419482.23984375 232995.7471875 419481.66 232989.0009375 419479.838125 232988.84671875 419480.4178125 
308 7 0 0 5 232983.59703125 419494.38703125 232975.499375 419492.2034375 232975.37109375 419492.6865625 232983.46859375 419494.87015625 232983.59703125 419494.38703125 
309 7 0 0 5 232965.38984375 419540.375625 232968.48921875 419541.58546875 232968.7053125 419541.02578125 232965.6059375 419539.8159375 232965.38984375 419540.375625 
310 7 0 0 5 232966.80359375 419545.64953125 232969.7953125 419546.836875 232970.01453125 419546.27828125 232967.0228125 419545.09109375 232966.80359375 419545.64953125 
311 7 0 0 5 232968.05859375 419550.84359375 232971.64484375 419552.27 232971.786875 419551.76734375 232968.2578125 419550.35625 232968.05859375 419550.84359375 
312 7 0 0 5 232931.93453125 419604.405 232940.765625 419608.09921875 232940.995 419607.54484375 232932.16390625 419603.850625 232931.93453125 419604.405 
313 7 0 0 5 232909.58859375 419670.506875 232915.4253125 419674.243125 232915.746875 419673.7365625 232909.9103125 419670.00046875 232909.58859375 419670.506875 
314 7 0 0 5 232895.3865625 419678.615 232901.19734375 419682.6975 232901.54046875 419682.2053125 232895.7296875 419678.12265625 232895.3865625 419678.615 
315 7 0 0 5 232849.005625 419738.88828125 232853.18734375 419744.38890625 232853.66359375 419744.02390625 232849.481875 419738.52328125 232849.005625 419738.88828125 
316 7 0 0 5 232828.74046875 419752.36578125 232824.8846875 419746.13125 232824.375625 419746.44875 232828.23125 419752.68328125 232828.74046875 419752.36578125 
317 7 0 0 5 232810.7721875 419762.8925 232807.38796875 419756.40140625 232806.85703125 419756.68078125 232810.24125 419763.171875 232810.7721875 419762.8925 
318 7 0 0 5 232445.5240625 419898.95671875 232440.06015625 419891.00140625 232439.56421875 419891.33921875 232445.09203125 419899.35453125 232445.5240625 419898.95671875 
319 1 0 0 5 232442.441875 419903.0375 232419.5753125 419918.77 232424.5240625 419920.22296875 232440.87109375 419908.80390625 232442.441875 419903.0375 
320 1 0 0 5 232422.30984375 419885.69484375 232405.4865625 419898.14171875 232405.8590625 419903.005 232426.551875 419887.598125 232422.30984375 419885.69484375 
321 1 0 2 322 318 5 232395.32078125 419910.72046875 232406.1709375 419926.5646875 232412.83828125 419921.96515625 232401.98828125 419906.1209375 232395.32078125 419910.72046875 
322 7 0 0 5 232393.11015625 419913.3434375 232399.37671875 419922.20171875 232399.86546875 419921.85359375 232393.59890625 419912.9953125 232393.11015625 419913.3434375 
323 8 0 0 5 232393.038125 419932.10109375 232371.68109375 419947.23484375 232373.30171875 419949.7003125 232394.84734375 419934.54859375 232393.038125 419932.10109375 
324 8 0 0 5 232291.37546875 419989.6521875 232312.79515625 419974.4034375 232310.900625 419971.6559375 232289.330078125 419986.83546875 232291.37546875 419989.6521875 
325 8 0 0 5 232126.214140625 420120.99609375 232105.351015625 420136.810625 232107.220078125 420139.17375 232128.04078125 420123.48203125 232126.214140625 420120.99609375 
326 8 0 0 5 232097.83375 420131.72953125 232118.488125 420115.8328125 232116.649609375 420113.4621875 232095.995234375 420129.35890625 232097.83375 420131.72953125 
327 7 0 0 5 232091.008671875 420143.89453125 232095.6565625 420149.01765625 232096.062265625 420148.6378125 232091.420078125 420143.5290625 232091.008671875 420143.89453125 
328 7 0 0 5 232056.26046875 420179.16359375 232045.2990625 420170.91109375 232045.06421875 420171.40171875 232055.997734375 420179.63609375 232056.26046875 420179.16359375 
329 7 0 0 5 231872.015390625 420542.149375 231880.134140625 420544.26484375 231880.28328125 420543.68359375 231872.16453125 420541.56828125 231872.015390625 420542.149375 
330 1 0 2 331 329 5 231863.355 420549.42671875 231877.8528125 420553.5621875 231879.384375 420547.5328125 231865.033828125 420543.45828125 231863.355 420549.42671875 
331 7 0 0 5 231858.464765625 420568.5315625 231866.727265625 420570.60296875 231866.871015625 420570.02046875 231858.60859375 420567.9490625 231858.464765625 420568.5315625 
332 8 0 0 5 231822.79421875 420744.1015625 231815.84453125 420769.4575 231818.45109375 420770.161875 231825.40078125 420744.805625 231822.79421875 420744.1015625 
333 8 0 0 5 231803.081875 420780.69 231809.991328125 420755.4453125 231807.446484375 420754.770625 231800.554765625 420780.070625 231803.081875 420780.69 
334 7 0 0 5 231788.23484375 420848.10875 231796.67796875 420849.759375 231796.77203125 420849.268125 231788.32890625 420847.6175 231788.23484375 420848.10875 
335 7 0 0 5 231799.41078125 420849.3903125 231803.31140625 420847.230625 231803.067578125 420846.7940625 231799.166953125 420848.95375 231799.41078125 420849.3903125 
336 1 0 0 5 231770.741171875 420849.29 231772.773515625 420852.7584375 231778.197421875 420849.55375 231776.165078125 420846.0853125 231770.741171875 420849.29 
337 7 0 0 5 231768.327734375 420850.07375 231770.32296875 420853.875 231770.76484375 420853.6409375 231768.769609375 420849.8396875 231768.327734375 420850.07375 
338 1 0 1 334 5 231780.049375 420855.610625 231794.309296875 420858.1778125 231796.043203125 420852.2253125 231781.6228125 420849.6271875 231780.049375 420855.610625 
339 1 0 1 335 5 231804.76921875 420858.4146875 231808.2390625 420855.82625 231804.073671875 420848.9790625 231800.5721875 420851.538125 231804.76921875 420858.4146875 
340 7 0 0 5 232973.950625 420693.19 232980.78859375 420693.8490625 232980.84390625 420693.2515625 232974.0059375 420692.5925 232973.950625 420693.19 
341 7 0 0 5 232970.57734375 420692.849375 232973.91453125 420693.1153125 232973.96 420692.5171875 232970.62265625 420692.25125 232970.57734375 420692.849375 
342 8 0 0 5 231721.243984375 420872.3309375 231704.335390625 420869.125 231704.043125 420870.6978125 231720.95171875 420873.9040625 231721.243984375 420872.3309375 
343 8 0 0 5 231759.071015625 420879.514375 231736.27625 420875.23875 231735.968984375 420876.910625 231758.76375 420881.18625 231759.071015625 420879.514375 
344 7 0 0 5 231764.666796875 420866.0221875 231766.467734375 420855.59125 231765.974765625 420855.508125 231764.173828125 420865.93875 231764.666796875 420866.0221875 
345 1 0 0 5 231772.65484375 420883.67375 231777.43296875 420857.599375 231771.275546875 420856.400625 231766.615546875 420882.515 231772.65484375 420883.67375 
346 7 0 0 5 231797.0053125 420873.3165625 231793.79578125 420888.17875 231794.28484375 420888.2825 231797.494453125 420873.4203125 231797.0053125 420873.3165625 
347 8 0 0 5 232152.785 420851.4396875 232178.323125 420846.099375 232177.698125 420843.1653125 232152.160078125 420848.505625 232152.785 420851.4396875 
348 8 0 0 5 232187.551640625 420867.848125 232162.192578125 420873.28625 232162.78984375 420876.021875 232188.14890625 420870.58375 232187.551640625 420867.848125 
349 7 0 0 5 232192.447734375 420840.0665625 232195.707265625 420854.7640625 232196.20625 420854.6140625 232192.96359375 420839.990625 232192.447734375 420840.0665625 
350 1 0 0 5 232237.980546875 420859.4034375 232201.33359375 420867.3475 232205.4971875 420870.5915625 232237.305390625 420863.9653125 232237.980546875 420859.4034375 
351 1 0 2 352 349 5 232251.005546875 420855.1159375 232245.398984375 420827.54625 232239.425859375 420828.7840625 232245.0325 420856.35375 232251.005546875 420855.1159375 
352 7 0 0 5 232256.258125 420853.5884375 232254.031875 420842.728125 232253.542421875 420842.8303125 232255.768671875 420853.6909375 232256.258125 420853.5884375 
353 7 0 0 5 232308.349375 420826.2115625 232305.547265625 420813.2146875 232305.05890625 420813.321875 232307.861015625 420826.31875 232308.349375 420826.2115625 
354 1 0 0 5 232322.65046875 420802.46875 232310.05515625 420804.9303125 232309.900859375 420809.053125 232323.4678125 420806.81875 232322.65046875 420802.46875 
355 7 0 0 5 232333.74546875 420837.3553125 232330.57578125 420822.29375 232329.9903125 420822.40875 232333.23109375 420837.4675 232333.74546875 420837.3553125 
356 8 0 0 5 232423.06046875 420794.364375 232448.798125 420788.93875 232448.14734375 420785.9078125 232422.4096875 420791.3334375 232423.06046875 420794.364375 
357 8 0 0 5 232529.53359375 420795.9978125 232503.82328125 420801.2253125 232504.35140625 420803.8265625 232530.14234375 420798.9353125 232529.53359375 420795.9978125 
358 1 0 0 5 232575.73984375 420752.8646875 232593.80375 420749.011875 232591.6828125 420746.8859375 232576.283125 420749.9190625 232575.73984375 420752.8646875 
359 7 0 0 5 232620.7840625 420764.271875 232617.85578125 420749.164375 232617.3653125 420749.2615625 232620.2934375 420764.36875 232620.7840625 420764.271875 
360 1 0 2 359 359 5 232637.5803125 420777.755 232630.43578125 420746.5225 232622.4415625 420748.348125 232628.65515625 420775.6571875 232637.5803125 420777.755 
361 1 0 2 362 362 5 232686.23046875 420763.0665625 232680.6221875 420735.6721875 232672.794375 420737.3234375 232678.7740625 420764.5665625 232686.23046875 420763.0665625 
362 7 0 0 5 232685.6278125 420751.1184375 232688.13 420762.625 232688.6025 420762.485 232686.1571875 420751.0496875 232685.6278125 420751.1184375 
363 8 0 0 5 232890.3484375 420698.704375 232916.4478125 420697.97 232916.34875 420694.8715625 232890.24953125 420695.6059375 232890.3484375 420698.704375 
364 8 0 0 5 232904.65453125 420727.905625 232930.63703125 420728.3284375 232930.66953125 420725.72875 232904.68703125 420725.3059375 232904.65453125 420727.905625 
365 7 0 0 5 232955.39546875 420710.4665625 232955.70765625 420698.1953125 232955.1078125 420698.1821875 232954.795625 420710.4534375 232955.39546875 420710.4665625 
366 1 0 0 5 232978.72921875 420732.881875 232950.52875 420730.4321875 232956.2996875 420733.623125 232973.946875 420735.5384375 232978.72921875 420732.881875 
367 1 0 2 340 341 5 232982.258125 420695.1196875 232959.84328125 420692.4259375 232953.52359375 420697.7009375 232988.0375 420700.8521875 232982.258125 420695.1196875 
368 1 0 2 369 365 5 232982.7359375 420732.8978125 232988.6140625 420701.1409375 232983.1828125 420695.9046875 232976.1165625 420733.6284375 232982.7359375 420732.8978125 
369 7 0 0 5 232986.0178125 420733.295 232989.385 420714.60875 232988.99109375 420714.5390625 232985.62390625 420733.225625 232986.0178125 420733.295 
370 1 0 0 5 233406.47140625 420857.095 233416.44078125 420858.378125 233415.834375 420854.4590625 233409.149375 420853.408125 233406.47140625 420857.095 
371 1 0 0 5 233408.006875 420890.4071875 233414.829375 420890.4965625 233414.835 420889.8965625 233408.01234375 420889.8071875 233408.006875 420890.4071875 
372 7 0 0 5 233434.46875 420875.3778125 233431.62984375 420890.35375 233432.121875 420890.4421875 233434.92578125 420875.4475 233434.46875 420875.3778125 
373 7 0 0 5 233398.81234375 420873.2696875 233401.70390625 420857.809375 233401.2121875 420857.719375 233398.32046875 420873.1796875 233398.81234375 420873.2696875 
377 1 0 0 5 233532.66109375 420872.53875 233544.96953125 420874.900625 233544.43015625 420871.109375 233535.72640625 420869.140625 233532.66109375 420872.53875 
378 1 0 2 379 481 5 233554.12796875 420911.8578125 233558.63125 420883.9275 233550.33328125 420882.6225 233545.83 420910.5528125 233554.12796875 420911.8578125 
379 7 0 0 5 233558.2153125 420911.91375 233560.04859375 420900.4996875 233559.45546875 420900.40875 233557.67296875 420911.841875 233558.2153125 420911.91375 
380 7 0 0 5 233951.51 420896.5246875 233950.9134375 420891.095 233950.48 420891.4003125 233951.085 420896.6153125 233951.51 420896.5246875 
381 7 0 0 5 233950.5415625 420908.1153125 233950.591875 420898.6934375 233950.091875 420898.6928125 233950.0415625 420908.1146875 233950.5415625 420908.1153125 
382 1 0 0 5 233954.5584375 420927.4590625 233957.9309375 420923.1103125 233953.9321875 420919.944375 233950.8409375 420923.8178125 233954.5584375 420927.4590625 
383 1 0 0 5 233959.6590625 420917.3371875 233959.785 420898.7178125 233953.585 420898.7003125 233953.4590625 420917.3196875 233959.6590625 420917.3371875 
384 1 0 0 5 233958.67 420890.95 233957.7459375 420884.1175 233953.5153125 420888.495 233954.621875 420895.153125 233958.67 420890.95 
385 1 0 0 5 233960.693125 420897.7240625 233981.44625 420896.3753125 233981.4084375 420890.199375 233960.638125 420891.0734375 233960.693125 420897.7240625 
386 1 0 0 5 233960.7853125 420924.2965625 233981.4353125 420922.6771875 233981.2584375 420916.416875 233960.7221875 420918.0903125 233960.7853125 420924.2965625 
387 1 0 0 5 233987.1015625 420912.56 233987.129375 420902.698125 233983.0625 420899.3903125 233982.941875 420916.2403125 233987.1015625 420912.56 
388 7 0 0 5 233960.7815625 420927.775 233972.644375 420926.7625 233972.6 420926.2646875 233960.7371875 420927.276875 233960.7815625 420927.775 
389 7 0 0 5 233990.3665625 420912.385 233990.464375 420908.0659375 233989.9646875 420908.0565625 233989.866875 420912.375625 233990.3665625 420912.385 
390 1 0 0 5 233956.1746875 420929.478125 233960.11125 420925.6309375 233959.7565625 420925.2784375 233955.9259375 420929.178125 233956.1746875 420929.478125 
391 7 0 0 5 233970.251875 420887.66875 233981.475 420887.15375 233981.45375 420886.6540625 233970.2403125 420887.0853125 233970.251875 420887.66875 
392 1 0 0 5 233960.168125 420841.4090625 233960.164375 420834.74 233956.23875 420835.9896875 233956.24125 420840.53875 233960.168125 420841.4090625 
393 1 0 0 5 233960.355625 420783.525625 233960.510625 420765.7246875 233956.4484375 420769.21375 233956.6353125 420781.37625 233960.355625 420783.525625 
394 1 0 0 5 233983.3753125 420769.978125 233983.2125 420785.093125 233987.363125 420783.4703125 233987.5675 420773.53375 233983.3753125 420769.978125 
395 1 0 0 5 232949.2515625 419618.76578125 232953.003125 419623.22046875 232956.04578125 419620.62375 232952.4078125 419616.3328125 232949.2515625 419618.76578125 
396 1 0 0 5 233982.6378125 420688.038125 233982.5475 420696.439375 233986.703125 420694.4921875 233986.6884375 420690.1378125 233982.6378125 420688.038125 
397 1 0 0 5 233987.22375 420648.143125 233987.285625 420643.1625 233983.2471875 420642.635 233983.13625 420649.0315625 233987.22375 420648.143125 
398 1 0 0 5 233987.205625 420623.0371875 233987.2915625 420617.66578125 233983.075 420616.7753125 233983.2409375 420623.338125 233987.205625 420623.0371875 
399 1 0 0 5 233985.61875 420596.89015625 233985.6371875 420592.225625 233982.554375 420592.0609375 233982.5325 420597.6740625 233985.61875 420596.89015625 
400 8 0 0 5 233963.46 420559.859375 233963.5971875 420533.700625 233960.9971875 420533.6971875 233960.86 420559.8559375 233963.46 420559.859375 
401 1 0 0 5 233986.6878125 420570.8734375 233987.068125 420560.57328125 233983.7359375 420556.8346875 233983.7803125 420573.35234375 233986.6878125 420570.8734375 
402 7 0 0 5 233960.9425 420532.913125 233969.8459375 420532.841875 233969.83875 420532.241875 233960.935625 420532.313125 233960.9425 420532.913125 
403 1 0 0 5 233987.0971875 420745.410625 233987.1709375 420739.663125 233983.0653125 420738.649375 233982.9596875 420745.964375 233987.0971875 420745.410625 
404 1 0 0 5 233981.430625 420519.52296875 233960.7765625 420519.91109375 233960.971875 420528.50890625 233981.6259375 420528.12078125 233981.430625 420519.52296875 
405 7 0 0 5 233972.5571875 420516.06046875 233981.5775 420515.91515625 233981.5675 420515.41515625 233972.5471875 420515.560625 233972.5571875 420516.06046875 
406 8 0 0 5 233978.6859375 420483.6771875 233978.755625 420509.71953125 233981.555625 420509.70109375 233981.4859375 420483.65890625 233978.6859375 420483.6771875 
407 7 0 0 5 232846.92359375 419756.6478125 232846.7171875 419756.345 232842.7615625 419759.06390625 232842.96796875 419759.36671875 232846.92359375 419756.6478125 
408 1 0 0 5 233959.3575 420431.4415625 233959.52125 420415.8878125 233955.5496875 420419.3640625 233955.515 420428.20984375 233959.3575 420431.4415625 
409 8 0 0 5 233978.536875 420281.8790625 233978.526875 420308.12953125 233981.526875 420308.11890625 233981.536875 420281.8684375 233978.536875 420281.8790625 
410 8 0 0 5 233963.428125 420289.98296875 233963.6228125 420264.0203125 233961.1228125 420264.01140625 233960.928125 420289.9740625 233963.428125 420289.98296875 
411 1 0 0 5 233961.170625 420215.5740625 233969.650625 420215.80484375 233969.6621875 420215.305 233961.1821875 420215.07421875 233961.170625 420215.5740625 
412 1 0 0 5 233961.04125 420212.233125 233980.8471875 420212.73671875 233981.03 420204.23875 233961.2240625 420203.735 233961.04125 420212.233125 
413 7 0 0 5 233972.66875 420201.11765625 233981.020625 420201.37953125 233981.034375 420200.8796875 233972.6825 420200.6178125 233972.66875 420201.11765625 
414 1 0 0 5 233969.53875 420086.4359375 233971.165625 420065.2140625 233966.8740625 420069.19046875 233965.9359375 420082.2090625 233969.53875 420086.4359375 
415 1 0 0 5 233991.136875 420130.88734375 233991.883125 420123.57703125 233988.691875 420117.49375 233985.8621875 420136.31609375 233991.136875 420130.88734375 
416 1 0 0 5 234005.6628125 420060.37 234010.26375 420040.893125 234004.615 420038.04046875 233997.8465625 420064.58859375 234005.6628125 420060.37 
417 1 0 0 5 233980.109375 420029.59890625 233987.9534375 420013.1925 233983.2753125 420015.25671875 233978.22625 420026.64484375 233980.109375 420029.59890625 
418 8 0 0 5 233994.104375 420004.833125 234000.4884375 419980.58328125 233997.875 419979.90609375 233991.490625 420004.15609375 233994.104375 420004.833125 
419 8 0 0 5 234015.505 419983.38984375 234009.326875 420006.8496875 234011.553125 420007.42671875 234017.73125 419983.966875 234015.505 419983.38984375 
420 1 0 0 5 234017.15625 419902.51515625 234019.206875 419884.7371875 234016.765 419887.1 234015.53 419899.88171875 234017.15625 419902.51515625 
421 7 0 0 5 234046.84375 419718.34859375 234063.7271875 419719.136875 234063.7484375 419718.63734375 234046.8653125 419717.8490625 234046.84375 419718.34859375 
422 1 0 0 5 234046.821875 419715.0475 234077.2046875 419716.2909375 234081.1409375 419708.606875 234046.4234375 419706.83984375 234046.821875 419715.0475 
423 7 0 0 5 234068.1540625 419666.14828125 234084.9621875 419666.0790625 234084.958125 419665.5790625 234068.1503125 419665.6484375 234068.1540625 419666.14828125 
424 7 0 0 5 234106.3696875 419689.934375 234105.5053125 419680.64 234105.0075 419680.688125 234105.871875 419689.98265625 234106.3696875 419689.934375 
425 1 0 0 5 234103.116875 419690.7309375 234100.95125 419670.3359375 234094.8875 419671.37 234097.175625 419692.31640625 234103.116875 419690.7309375 
426 1 0 0 5 234037.65375 419695.90328125 234039.2465625 419662.45375 234030.405625 419662.7165625 234030.9709375 419691.18265625 234037.65375 419695.90328125 
427 7 0 0 5 234028.5203125 419679.72421875 234028.0021875 419661.85921875 234027.4325 419661.7028125 234028.0396875 419679.568125 234028.5203125 419679.72421875 
428 8 0 0 5 233994.2465625 419644.50546875 234016.0615625 419659.2434375 234017.9540625 419656.41875 233996.1215625 419641.9684375 233994.2465625 419644.50546875 
429 8 0 0 5 233932.1171875 419621.5596875 233909.74375 419606.44 233908.240625 419608.68296875 233930.6140625 419623.80265625 233932.1171875 419621.5596875 
430 7 0 0 5 233818.4025 419548.14484375 233821.749375 419543.2696875 233821.3365625 419542.98765625 233818.018125 419547.8709375 233818.4025 419548.14484375 
431 7 0 0 5 233799.20875 419540.51390625 233805.333125 419544.6384375 233805.6096875 419544.221875 233799.441875 419540.09609375 233799.20875 419540.51390625 
432 1 0 0 5 233800.144375 419536.143125 233808.9475 419523.5765625 233803.855625 419520.03890625 233795.0528125 419532.60546875 233800.144375 419536.143125 
433 7 0 0 5 233794.5721875 419524.78125 233799.7346875 419517.3828125 233799.4059375 419517.15515625 233794.243125 419524.55359375 233794.5721875 419524.78125 
434 7 0 0 5 233663.9821875 419444.05453125 233667.1165625 419439.12375 233666.6090625 419438.8034375 233663.4746875 419443.73421875 233663.9821875 419444.05453125 
435 7 0 0 5 233653.9321875 419429.83390625 233658.611875 419422.64515625 233658.2921875 419422.37953125 233653.4696875 419429.56765625 233653.9321875 419429.83390625 
436 8 0 0 5 233617.9059375 419398.67125 233639.6353125 419413.36609375 233641.2509375 419410.95765625 233619.52140625 419396.26296875 233617.9059375 419398.67125 
437 8 0 0 5 233625.6278125 419415.10546875 233603.813125 419400.2665625 233602.3028125 419402.5046875 233624.1175 419417.34359375 233625.6278125 419415.10546875 
438 7 0 0 5 233590.27890625 419394.38953125 233593.594375 419389.73015625 233593.21078125 419389.41296875 233589.84984375 419394.125 233590.27890625 419394.38953125 
439 1 0 2 438 440 5 233575.3484375 419384.665 233584.16359375 419372.75375 233578.95515625 419369.2071875 233570.5140625 419381.1640625 233575.3484375 419384.665 
440 7 0 0 5 233570.18171875 419373.564375 233574.8584375 419366.31546875 233574.5509375 419366.041875 233569.8134375 419373.28171875 233570.18171875 419373.564375 
441 7 0 0 5 233397.76953125 419240.12046875 233401.6953125 419235.657265625 233401.31875 419235.32828125 233397.39296875 419239.791484375 233397.76953125 419240.12046875 
442 7 0 0 5 233387.925 419212.850703125 233382.52671875 419219.5028125 233382.91609375 419219.8165625 233388.314375 419213.164453125 233387.925 419212.850703125 
443 8 0 0 5 233306.448125 419148.543671875 233326.6421875 419165.2859375 233328.27671875 419163.34203125 233308.07796875 419146.5259375 233306.448125 419148.543671875 
444 8 0 0 5 233317.306875 419169.893125 233297.4984375 419153.088125 233295.68734375 419155.223515625 233315.76640625 419171.892734375 233317.306875 419169.893125 
445 7 0 0 5 233250.53015625 419118.075625 233254.91390625 419113.574453125 233254.5475 419113.241796875 233250.166875 419117.7928125 233250.53015625 419118.075625 
446 1 0 0 5 233247.7803125 419115.91265625 233258.356875 419105.15296875 233253.72875 419101.153828125 233243.15578125 419111.912265625 233247.7803125 419115.91265625 
447 7 0 0 5 233245.259375 419125.718671875 233244.9925 419119.349296875 233244.49296875 419119.371796875 233244.76 419125.741171875 233245.259375 419125.718671875 
448 1 0 1 447 5 233241.73140625 419125.53765625 233241.57375 419119.260546875 233237.45390625 419119.501171875 233237.6528125 419125.83296875 233241.73140625 419125.53765625 
449 1 0 0 5 233238.898125 419113.140625 233229.463125 419105.465 233224.5803125 419109.290078125 233233.95421875 419116.941328125 233238.898125 419113.140625 
450 1 0 0 5 233229.43421875 419100.713515625 233238.34625 419088.304140625 233233.50734375 419084.44921875 233224.566875 419096.687734375 233229.43421875 419100.713515625 
451 7 0 0 5 233221.92140625 419111.47046875 233227.2525 419115.812421875 233227.61484375 419115.45171875 233222.2421875 419111.184140625 233221.92140625 419111.47046875 
452 7 0 0 5 233215.12828125 419108.478671875 233221.608125 419108.85390625 233221.711875 419108.351171875 233215.2034375 419107.9996875 233215.12828125 419108.478671875 
453 1 0 0 5 233215.59125 419105.1034375 233222.10265625 419105.535390625 233221.90140625 419101.29125 233215.70078125 419101.062578125 233215.59125 419105.1034375 
454 7 0 0 5 233226.32 419089.5259375 233231.24421875 419082.518984375 233230.8675 419082.21203125 233225.9228125 419089.2278125 233226.32 419089.5259375 
455 1 0 0 5 232045.8209375 420862.345 232054.91875 420861.6421875 232052.319140625 420857.4278125 232046.751796875 420858.14375 232045.8209375 420862.345 
456 1 0 0 5 233132.76875 420733.17125 233142.983125 420736.885 233142.7253125 420732.1403125 233135.46859375 420730.0728125 233132.76875 420733.17125 
457 1 0 0 5 233408.77890625 420907.20625 233420.22609375 420907.5265625 233419.89125 420902.9171875 233408.81796875 420903.194375 233408.77890625 420907.20625 
458 1 0 2 327 328 5 232093.56046875 420151.046875 232083.51265625 420139.92578125 232077.67609375 420142.56609375 232089.0690625 420155.190625 232093.56046875 420151.046875 
459 1 0 0 5 232057.43859375 420143.38828125 232044.933359375 420155.72921875 232046.804453125 420162.45234375 232064.0059375 420145.0384375 232057.43859375 420143.38828125 
460 1 0 0 5 231872.57234375 420480.7346875 231870.608046875 420487.7084375 231873.3965625 420489.16421875 231875.60734375 420481.063125 231872.57234375 420480.7346875 
461 1 0 0 5 231918.632734375 420433.32984375 231920.083125 420427.773125 231916.772265625 420424.965625 231913.897578125 420435.25203125 231918.632734375 420433.32984375 
462 7 0 0 5 232959.056875 419587.4971875 232964.64171875 419586.02 232964.53796875 419585.63375 232958.953125 419587.1109375 232959.056875 419587.4971875 
463 1 0 0 5 232954.62625 419613.4609375 232959.711875 419599.69828125 232956.09546875 419598.235625 232950.1996875 419611.4846875 232954.62625 419613.4609375 
464 7 0 0 5 234010.7334375 420060.28578125 234010.8634375 420052.3478125 234010.4634375 420052.3428125 234010.3334375 420060.28078125 234010.7334375 420060.28578125 
465 7 0 0 5 233978.2446875 420017.73328125 233979.62 420012.5303125 233979.233125 420012.42953125 233977.8575 420017.6325 233978.2446875 420017.73328125 
466 7 0 0 5 233963.358125 420076.6996875 233963.6371875 420070.96046875 233963.2378125 420070.94265625 233962.9584375 420076.68171875 233963.358125 420076.6996875 
467 7 0 0 5 233994.623125 420130.67921875 233994.7709375 420127.22265625 233994.37125 420127.2071875 233994.2234375 420130.66375 233994.623125 420130.67921875 
468 7 0 0 5 233989.8453125 420325.55625 233989.8821875 420328.59078125 233990.2821875 420328.584375 233990.2453125 420325.54984375 233989.8453125 420325.55625 
469 7 0 0 5 232413.15375 419889.39375 232421.21046875 419884.46640625 232420.895625 419883.955625 232412.83890625 419888.88296875 232413.15375 419889.39375 
470 7 0 0 5 232953.998125 419614.981875 232957.8253125 419619.7515625 232958.291875 419619.37421875 232954.46453125 419614.60453125 232953.998125 419614.981875 
471 7 0 0 5 232956.166875 419613.48140625 232958.88953125 419607.5225 232958.3428125 419607.2753125 232955.6203125 419613.23421875 232956.166875 419613.48140625 
472 7 0 0 5 232962.78484375 420508.31953125 232962.835 420504.51796875 232963.085 420504.51796875 232963.035 420508.36953125 232962.78484375 420508.31953125 
473 1 0 1 67 5 232952.443125 420511.954375 232952.491875 420504.91859375 232956.131875 420505.01640625 232956.08296875 420512.00328125 232952.443125 420511.954375 
474 2 0 0 5 232916.6890625 420447.4984375 232916.6890625 420445.9171875 232923.409375 420446.21359375 232923.45875 420447.4984375 232916.6890625 420447.4984375 
476 2 0 0 5 232970.89421875 420577.22984375 232970.82578125 420575.655625 232977.430625 420575.75828125 232977.430625 420577.36671875 232970.89421875 420577.22984375 
478 2 0 0 5 232694.78546875 420382.576875 232694.78546875 420381.036875 232700.02140625 420381.1909375 232699.86734375 420382.576875 232694.78546875 420382.576875 
479 2 0 0 5 232693.55328125 420516.3246875 232693.70734375 420515.47765625 232699.17421875 420515.70875 232699.25125 420516.78671875 232693.55328125 420516.3246875 
480 2 0 0 5 232943.54515625 420512.1809375 232943.46828125 420504.71203125 232945.85515625 420504.635 232946.39421875 420512.1809375 232943.54515625 420512.1809375 
481 7 0 0 5 233521.09984375 420888.9390625 233522.634375 420878.63625 233523.0728125 420878.9103125 233521.53828125 420888.99375 233521.09984375 420888.9390625 
483 1 0 1 317 5 232818.90671875 419766.19203125 232812.5496875 419754.13546875 232819.1259375 419750.46375 232825.59265625 419762.62984375 232818.90671875 419766.19203125 
484 7 0 0 5 233810.4921875 420920.2646875 233810.83875 420909.8696875 233811.705 420909.8696875 233811.531875 420920.6109375 233810.4921875 420920.2646875 
486 1 0 2 484 487 5 233791.9478125 420893.75125 233792.1121875 420920.44 233781.31625 420920.05625 233781.7546875 420894.135 233791.9478125 420893.75125 
487 7 0 0 5 233772.3834375 420904.1090625 233773.095625 420893.9159375 233773.4246875 420893.9159375 233773.095625 420904.1090625 233772.3834375 420904.1090625 
