594 7084 1 3 1 0 2 233229.78546875 419087.039609375 233230.63859375 419085.9809375 
596 7084 1 3 1 0 2 233227.63734375 419089.581875 233228.52390625 419088.49421875 
597 7084 1 3 1 0 2 233249.14375 419104.5471875 233250.0325 419103.36703125 
598 6037 1 2 1 1 451 2 233251.5125 419096.801796875 233250.84875 419095.9809375 
599 6037 1 2 1 1 451 2 233249.82109375 419094.29390625 233249.155 419093.452265625 
605 6851 1 2 1 1 440 2 233574.03359375 419373.09046875 233574.64546875 419372.17015625 
606 6851 1 2 1 1 440 2 233575.81140625 419370.65 233576.39875 419369.7696875 
608 6851 2 2 1 1 440 2 233577.78515625 419367.1840625 233577.92828125 419366.84609375 
609 6879 1 2 1 1 438 2 233571.485 419379.5278125 233570.91515625 419380.3934375 
610 6879 1 2 1 1 438 2 233572.60546875 419377.7421875 233572.05875 419378.6028125 
612 6934 1 2 1 0 2 233666.6234375 419438.98453125 233666.008125 419439.87484375 
613 6037 1 2 1 1 451 2 233226.32484375 419112.7703125 233225.670625 419112.015546875 
614 6037 1 2 1 1 451 2 233224.63734375 419110.926875 233223.94328125 419110.1865625 
615 6084 1 2 1 0 2 233250.93640625 419112.1278125 233250.340625 419112.93046875 
616 6084 1 2 1 0 2 233249.1303125 419114.516015625 233248.52046875 419115.331953125 
617 6084 1 2 1 0 2 233226.0828125 419094.65625 233225.44734375 419095.46078125 
618 6862 1 2 1 0 2 233586.76828125 419374.14265625 233585.79296875 419373.53765625 
619 6862 1 2 1 0 2 233586.75875 419374.13265625 233585.849375 419373.56546875 
620 6933 1 2 1 1 433 2 233799.2596875 419524.43609375 233799.8671875 419523.4809375 
621 6933 1 2 1 1 433 2 233800.8621875 419521.86234375 233801.404375 419520.96953125 
622 6995 1 2 1 1 430 2 233796.9515625 419528.9190625 233796.4275 419529.84421875 
623 6942 1 2 1 0 2 233814.30125 419526.1971875 233813.4275 419525.63203125 
624 6942 1 2 1 0 2 233816.8121875 419527.9159375 233815.9321875 419527.3421875 
625 6995 1 2 1 1 430 2 233821.8996875 419543.34390625 233821.33625 419544.23859375 
626 6995 1 2 1 1 430 2 233820.2203125 419545.85921875 233819.628125 419546.7265625 
627 6933 1 2 1 1 433 2 233818.2615625 419534.49546875 233818.8246875 419533.67515625 
628 7012 1 3 1 0 2 234026.3528125 419667.52421875 234026.9665625 419666.19265625 
629 7012 1 3 1 0 2 234027.6328125 419664.79796875 234028.214375 419663.5046875 
630 7062 1 3 1 0 2 234047.5890625 419659.7503125 234048.9671875 419659.93625 
631 7062 1 3 1 0 2 234045.0390625 419659.46953125 234046.4334375 419659.62546875 
632 7092 1 3 1 0 2 234068.5428125 419720.81890625 234069.9603125 419720.840625 
633 7092 1 3 1 0 2 234071.5828125 419720.85171875 234072.92125 419720.816875 
636 6009 1 2 1 0 2 231811.820859375 420868.3803125 231812.043203125 420867.2946875 
637 6009 1 2 1 0 2 231812.331328125 420865.993125 231812.560859375 420864.8815625 
638 7012 1 3 1 0 2 234088.515625 419699.1221875 234088.844375 419698.42734375 
639 7089 1 3 1 1 349 2 232238.354453125 420837.5859375 232238.065546875 420836.14375 
640 7089 1 3 1 1 349 2 232237.72546875 420834.55875 232237.42421875 420833.098125 
641 7012 1 3 1 0 2 234084.1684375 419707.63296875 234084.775 419706.40796875 
642 7035 1 2 1 1 353 2 232330.82609375 420818.1709375 232330.59125 420816.99375 
643 7035 1 2 1 1 353 2 232330.1365625 420815.215625 232329.90171875 420814.070625 
644 7012 1 3 1 0 2 234085.20625 419705.4309375 234085.7475 419704.218125 
645 6935 1 3 1 1 359 2 232673.43515625 420747.1765625 232673.11328125 420745.6903125 
646 6935 1 3 1 1 359 2 232672.77015625 420744.3259375 232672.42203125 420742.9040625 
647 6717 1 3 1 1 365 2 232989.025625 420709.428125 232989.19125 420707.9309375 
648 6717 1 3 1 1 365 2 232989.4684375 420705.75125 232989.55140625 420704.4659375 
649 6693 1 3 1 1 308 2 232984.99359375 420723.0984375 232984.71234375 420724.6271875 
650 6965 1 2 1 0 2 233978.3971875 420213.23203125 233979.4596875 420213.26625 
651 6965 1 2 1 0 2 233975.409375 420212.94703125 233976.471875 420212.97125 
652 6693 1 3 1 1 308 2 232984.2778125 420726.9184375 232984.033125 420728.3703125 
653 6924 1 2 1 0 2 233976.519375 420213.91140625 233975.4415625 420213.8575 
654 6965 1 2 1 0 2 233965.9740625 420202.60625 233967.07625 420202.59421875 
655 6924 1 2 1 0 2 233967.12125 420203.495625 233966.0928125 420203.53484375 
656 6924 1 2 1 0 2 233964.0425 420203.465 233963.0246875 420203.48578125 
657 6232 1 3 1 2 340 341 2 232970.01375 420737.731875 232971.1890625 420737.7803125 
658 6232 1 3 1 2 340 341 2 232972.090625 420737.8046875 232973.3015625 420737.8365625 
659 6693 1 3 1 1 308 2 232947.8778125 420719.8309375 232947.79953125 420721.29 
660 6844 1 2 1 1 362 2 232635.42140625 420767.7203125 232635.68234375 420768.8334375 
661 6844 1 2 1 1 362 2 232636.15890625 420770.6609375 232636.42515625 420771.7228125 
662 6857 1 2 1 0 2 232667.9659375 420735.8728125 232666.984375 420735.625 
663 6857 1 2 1 0 2 232665.1196875 420735.23875 232664.075625 420735.0290625 
664 7014 1 3 1 1 355 2 232331.42953125 420827.7303125 232331.7771875 420829.268125 
665 7014 1 3 1 1 355 2 232332.068125 420830.7221875 232332.42609375 420832.2921875 
666 6531 1 3 1 0 2 233968.718125 420897.785 233967.2790625 420897.8209375 
667 6531 1 3 1 0 2 233965.7615625 420897.910625 233964.3340625 420897.93375 
668 7014 1 3 1 1 355 2 232309.35296875 420836.3453125 232309.664609375 420837.8059375 
669 7021 1 2 1 0 2 232325.39515625 420840.345 232324.4178125 420840.5359375 
670 7037 1 2 1 1 352 2 232251.150859375 420846.5784375 232251.37796875 420847.7078125 
671 7037 1 2 1 1 352 2 232251.813125 420849.6003125 232252.016875 420850.7134375 
672 6511 1 3 1 2 310 311 2 232961.1825 419561.38359375 232962.51890625 419561.89015625 
673 6766 1 3 1 0 2 233973.87125 420922.5971875 233975.27625 420922.57875 
674 6766 1 3 1 0 2 233976.81625 420922.5759375 233978.2890625 420922.5875 
675 6511 1 3 1 2 310 311 2 232964.49453125 419562.65234375 232965.79328125 419563.1553125 
676 7037 1 2 1 1 352 2 232198.68484375 420860.144375 232198.909296875 420861.2959375 
677 6406 1 3 1 2 312 0 2 232961.00109375 419562.10484375 232962.3759375 419562.6315625 
678 7065 1 2 1 0 2 232229.055625 420826.715625 232227.9859375 420826.4225 
679 7065 1 2 1 0 2 232230.15671875 420826.9578125 232231.174453125 420827.250625 
680 6369 1 3 1 1 308 2 232982.52265625 419483.01734375 232981.1859375 419482.5709375 
681 7230 1 3 1 0 2 233959.5621875 420912.980625 233959.536875 420911.483125 
682 6369 1 3 1 1 308 2 232985.78796875 419484.20171875 232984.48140625 419483.731875 
683 7230 1 3 1 0 2 233959.465 420910.726875 233959.4003125 420909.2871875 
684 6538 1 2 1 0 2 232923.4628125 419598.94484375 232923.8078125 419597.95609375 
685 6538 1 2 1 0 2 232922.73703125 419600.88515625 232922.38453125 419601.83671875 
686 6516 1 2 1 0 2 233982.92375 420899.90375 233982.93375 420898.530625 
687 6516 1 3 1 0 2 233982.970625 420902.1928125 233982.985625 420900.83125 
688 6109 1 3 1 1 346 2 231766.641328125 420874.695 231766.370703125 420876.191875 
689 6075 1 2 1 1 314 2 232903.379375 419680.8546875 232902.498125 419680.27046875 
690 6109 1 3 1 1 346 2 231766.104609375 420877.6421875 231765.828984375 420879.1003125 
691 6698 1 2 1 1 334 2 231782.3828125 420886.9609375 231783.43203125 420887.1896875 
692 6698 1 2 1 1 334 2 231780.362421875 420886.5228125 231781.401484375 420886.6809375 
693 6875 1 2 1 0 2 233963.9996875 420528.905625 233962.9565625 420528.9015625 
694 6875 1 2 1 0 2 233967.055 420529.07921875 233965.9759375 420529.07046875 
695 6075 2 2 1 1 314 2 232901.39265625 419667.4121875 232901.58703125 419667.60453125 
696 6932 1 2 1 0 2 233966.99875 420528.16375 233965.9221875 420528.135625 
697 6875 1 2 1 0 2 233975.3775 420520.183125 233976.4303125 420520.13359375 
698 6077 1 2 1 1 315 2 232844.613125 419739.829375 232843.9246875 419738.96515625 
699 6418 1 2 1 2 316 317 2 232844.03046875 419740.37328125 232843.15046875 419739.2765625 
700 6932 1 2 1 0 2 233975.278125 420519.23609375 233976.374375 420519.19859375 
701 6418 1 2 1 2 316 317 2 232842.22875 419737.9290625 232841.38921875 419736.83265625 
702 6932 1 2 1 0 2 233978.3696875 420519.2315625 233979.4334375 420519.21046875 
703 6077 1 2 1 1 315 2 232830.269375 419753.601875 232830.8640625 419754.46625 
704 6418 1 3 1 2 316 317 2 232829.61703125 419754.10265625 232830.42671875 419755.28765625 
706 6430 1 2 1 0 2 232832.4790625 419739.215625 232831.694375 419739.8759375 
707 6430 1 2 1 0 2 232830.8903125 419740.48828125 232830.06578125 419741.1484375 
708 6678 1 2 1 1 331 2 231868.164921875 420544.10046875 231867.142421875 420543.81 
709 6678 1 2 1 1 331 2 231871.076640625 420544.92765625 231870.073359375 420544.649375 
710 6584 1 2 1 1 328 2 232078.290546875 420144.846875 232077.480625 420144.1578125 
711 6584 1 2 1 1 328 2 232080.476875 420146.71734375 232079.647578125 420146.0196875 
712 6544 1 3 1 1 327 2 232080.99796875 420146.13671875 232079.907578125 420145.23421875 
713 7021 1 2 1 0 2 232319.55578125 420808.7075 232320.63765625 420808.525 
714 7021 1 2 1 0 2 232321.47015625 420808.2775 232322.5678125 420808.0759375 
715 6485 1 3 1 1 322 2 232435.19421875 419886.6675 232434.33265625 419885.61625 
716 6485 1 3 1 1 322 2 232437.13265625 419889.1678125 232436.24765625 419888.0278125 
717 6476 1 3 1 1 318 2 232437.65015625 419888.61171875 232436.82453125 419887.5125 
718 6493 1 2 1 0 2 232432.18515625 419884.46234375 232433.58484375 419884.4453125 
719 6493 1 2 1 0 2 232432.17328125 419884.45984375 232433.5784375 419884.4471875 
720 6508 1 3 1 0 2 232436.34296875 419913.39625 232437.42359375 419912.5346875 
721 6476 1 3 1 1 318 2 232411.16515625 419915.69140625 232411.9965625 419916.8090625 
722 6476 1 2 1 1 318 2 232412.85171875 419917.99203125 232413.74109375 419919.04625 
723 6485 1 2 1 1 322 2 232410.57546875 419916.2290625 232411.455 419917.355 
724 6544 1 3 1 1 327 2 232058.379609375 420179.41609375 232059.41421875 420180.3753125 
725 6544 1 3 1 1 327 2 232060.449140625 420181.43625 232061.449921875 420182.41328125 
726 6584 1 2 1 1 328 2 232057.914453125 420180.0728125 232058.67 420180.75625 
727 6579 1 2 1 0 2 232074.12578125 420171.175 232074.891328125 420170.46734375 
728 6579 1 2 1 0 2 232076.06859375 420169.4528125 232076.84375 420168.76296875 
729 6652 1 2 1 1 329 2 231871.625859375 420552.219375 231872.662890625 420552.50375 
730 6652 1 2 1 1 329 2 231874.56859375 420553.0221875 231875.5940625 420553.31390625 
732 6359 1 3 1 1 372 2 233386.9621875 420876.6715625 233386.75703125 420878.1128125 
733 6359 1 3 1 1 372 2 233386.57296875 420879.521875 233386.4309375 420880.9765625 
734 6346 1 3 1 1 373 2 233423.98578125 420866.6596875 233424.13984375 420865.2109375 
735 6346 1 3 1 1 373 2 233423.59328125 420869.5009375 233423.80015625 420868.0321875 
736 6395 1 2 1 0 2 233414.1428125 420863.2371875 233415.23140625 420863.284375 
737 7086 1 3 1 0 2 234037.8790625 419690.14015625 234037.9075 419691.52703125 
738 7086 1 3 1 0 2 234037.93875 419693.22140625 234038.01 419694.5453125 
739 7062 1 3 1 0 2 234070.0375 419721.69140625 234068.6565625 419721.73140625 
742 5703 1 3 1 1 472 2 232989.19578125 420511.508125 232989.19578125 420509.0321875 
743 6653 1 3 0 1 379 2 233529.97984375 420904.9734375 233529.70578125 420906.5078125 
744 6653 1 3 0 1 379 2 233530.3634375 420902.4525 233530.1990625 420903.8775 
745 6501 1 3 0 1 481 2 233571.6275 420891.6790625 233571.84671875 420890.199375 
746 6501 1 3 0 1 481 2 233572.120625 420888.665 233572.28515625 420887.295 
747 6049 1 3 0 1 307 2 232983.935 419513.68671875 232985.9078125 419514.673125 
748 6049 1 3 0 1 307 2 232980.1125 419512.946875 232982.4553125 419513.44015625 
749 6071 1 3 0 2 313 0 2 232906.3834375 419685.72390625 232907.479375 419686.43640625 
750 6071 1 3 0 2 313 0 2 232903.80765625 419684.35390625 232904.90375 419685.3403125 
751 6878 1 3 0 1 435 2 233667.250625 419431.40859375 233668.0728125 419430.148125 
752 6934 1 3 0 1 434 2 233648.6415625 419431.3059375 233647.9290625 419432.45671875 
753 6599 1 3 0 1 484 2 233774.843125 420916.5053125 233774.7196875 420919.2178125 
754 6449 1 3 0 1 487 2 233794.8521875 420899.0671875 233794.961875 420895.3953125 
