1 172 12th 232976.55125 420247.075625
2 88 1st 232949.135625 420506.37421875 
3 70 3th 232927.63265625 420573.7584375 
4 20 7th 232750.6359375 420367.32375 
5 0 11th 232397.8909375 420615.36953125 
6 0 Gym 232811.2275 420310.8203125 
7 1800 KAIST 232927.955 419606.78 
8 0 Guseong 233169.2375 419148.616171875 
9 0 Doryong 233861.040625 420889.9859375 
10 0 Science-Park 233976.379375 419630.54015625 
11 0 Research-Foundation 232775.187500 420746.625000
12 0 TEST 232961.312500 420506.406250
13 0 TEST2 232977.296875 420547.781250 
14 0 TestGPP1 232989.125000 420237.875000
15 0 TestGPP2 233016.234375 420194.343750
16 0 TestGPP3 232908.296875 420194.218750
17 0 TestGPP4 232839.765625 420176.812500
18 0 TestGPP5 233012.359375 420176.718750
19 0 TestGPP6 232902.578125 420229.562500