1 3 1 16 38 232804.5875 420284.3328125 
2 3 1 39 238 232804.5128125 420264.4271875 
3 3 2 24 40 232808.288125 420264.4634375 
4 3 2 15 37 232808.304375 420284.30953125 
5 3 5 229 2816 232701.763125 420532.51390625 
6 3 5 8 2815 232695.53515625 420523.201875 
7 3 6 7 2814 232696.715625 420523.6259375 
8 3 6 228 2817 232701.79015625 420530.5446875 
9 3 7 10 12 232698.916875 420379.10640625 
10 3 8 9 11 232696.19171875 420379.06140625 
11 3 9 14 83 232696.21875 420357.19234375 
12 3 10 13 82 232699.08078125 420357.21359375 
13 3 11 13 19 232704.913125 420363.85734375 
14 3 12 14 20 232704.89140625 420367.20921875 
15 3 15 17 4440 232808.44328125 420355.76703125 
16 3 16 18 4439 232805.02640625 420355.8365625 
17 3 17 20 4438 232796.4853125 420366.78078125 
18 3 18 19 4437 232796.43796875 420363.71765625 
19 3 21 28 238 232804.34203125 420238.05203125 
20 3 21 25 48 232804.280625 420222.47375 
21 3 24 27 237 232807.78078125 420237.00078125 
22 3 25 27 29 232812.84421875 420231.31890625 
23 3 26 49 237 232807.9425 420223.38390625 
24 3 26 28 233 232812.5190625 420228.5328125 
25 3 29 31 35 232841.26953125 420230.99046875 
26 3 31 34 225 232857.5596875 420231.040625 
27 3 32 36 233 232841.27265625 420228.11546875 
28 3 32 33 226 232857.5021875 420228.11390625 
29 3 33 35 235 232847.955 420235.5446875 
30 3 34 36 234 232851.353125 420235.59296875 
31 3 37 39 41 232818.1465625 420276.18796875 
32 3 38 40 42 232818.1446875 420272.199375 
33 2 41 52 232918.35984375 420414.06046875 
34 3 42 51 56 232921.71734375 420414.09015625 
35 2 43 48 232804.03203125 420186.1496875 
36 2 43 47 232803.9703125 420181.64640625 
37 2 44 83 232796.290625 420171.32375 
38 3 44 45 50 232799.8178125 420171.32359375 
39 3 45 46 49 232807.53921875 420186.17640625 
40 4 46 50 86 224 232816.14578125 420174.6025 
41 3 47 82 224 232796.2715625 420174.19453125 
42 2 51 55 232921.696875 420427.39265625 
43 3 52 53 54 232918.3503125 420427.416875 
44 3 53 56 80 232928.86640625 420421.90765625 
45 3 54 67 69 232918.3184375 420493.29484375 
46 3 55 68 74 232921.6603125 420493.28875 
47 2 57 79 232975.7353125 420522.22390625 
48 2 57 63 232975.70859375 420577.5575 
49 2 58 2804 232965.94109375 420577.56515625 
50 2 58 77 232965.9115625 420522.18171875 
51 2 59 2805 232969.3075 420577.56265625 
52 2 59 231 232969.26734375 420522.19609375 
53 2 60 78 232972.40046875 420522.2096875 
54 3 60 64 65 232972.38453125 420577.56015625 
55 2 61 209 232969.12921875 420621.9634375 
56 2 61 2805 232969.2315625 420595.5975 
57 2 62 208 232965.78859375 420621.9565625 
58 3 62 2803 2804 232965.8996875 420595.37515625 
59 2 63 206 232975.588125 420621.97625 
60 2 64 210 232972.38421875 420621.9696875 
61 3 65 70 2803 232961.3325 420590.55125 
62 2 66 88 232956.3175 420506.2890625 
63 2 66 78 232963.04078125 420506.4334375 
64 3 67 73 239 232918.30546875 420516.83640625 
65 3 68 88 239 232936.19703125 420506.58484375 
66 3 69 76 87 232936.21828125 420510.53421875 
67 3 70 75 81 232925.71203125 420538.27515625 
68 2 71 223 232911.59859375 420529.85765625 
69 3 71 73 75 232918.326875 420525.30625 
70 3 72 74 76 232921.635625 420525.31875 
71 3 72 81 222 232911.57625 420533.13921875 
72 3 77 87 231 232956.33171875 420510.29296875 
73 2 79 80 232984.4840625 420508.469375 
74 3 86 89 91 232880.16578125 420176.769375 
75 3 89 90 103 232884.3409375 420181.65859375 
76 3 90 91 92 232889.84484375 420176.58125 
77 3 92 96 98 232931.14609375 420176.70890625 
78 3 93 97 98 232939.695625 420176.76578125 
79 3 93 94 95 232985.03109375 420176.76046875 
80 3 94 101 102 232989.07984375 420181.06921875 
81 3 95 100 101 232993.348125 420176.7315625 
82 3 96 97 99 232935.52953125 420181.78609375 
83 4 99 116 117 121 232935.5334375 420188.61328125 
84 2 100 183 233042.20890625 420176.344375 
85 4 102 125 126 127 232989.05078125 420189.875625 
86 3 103 104 105 232884.58421875 420189.48890625 
87 3 104 106 107 232884.54734375 420199.33578125 
88 3 105 106 115 232889.90421875 420194.16265625 
89 3 107 108 109 232884.59125 420206.211875 
90 3 108 110 111 232884.60265625 420216.70046875 
91 3 109 110 132 232890.2709375 420211.59875 
92 4 111 112 113 197 232884.63734375 420223.66828125 
93 4 112 114 198 227 232879.25453125 420229.8425 
94 4 113 114 133 199 232889.8178125 420229.72203125 
95 4 115 116 118 120 232931.23203125 420194.12890625 
96 4 117 119 120 123 232935.55875 420199.0171875 
97 4 118 119 121 122 232939.9325 420194.161875 
98 4 122 124 127 128 232984.73390625 420194.15421875 
99 4 123 134 136 137 232935.58078125 420206.23328125 
100 4 124 126 129 130 232993.31125 420194.0521875 
101 4 125 128 129 131 232989.11234375 420199.119375 
102 3 130 184 185 233042.2128125 420194.1209375 
103 4 131 149 151 154 232989.12625 420205.87640625 
104 4 132 135 137 138 232931.37359375 420211.57140625 
105 4 133 143 145 146 232931.3853125 420229.31375 
106 4 134 138 139 140 232935.633125 420215.89703125 
107 4 135 136 139 141 232939.97546875 420211.4815625 
108 4 140 142 144 145 232935.57140625 420224.336875 
109 4 141 150 153 154 232984.83203125 420211.50859375 
110 4 142 146 147 164 232935.64703125 420235.676875 
111 4 143 144 147 148 232940.04609375 420229.395625 
112 4 148 158 160 161 232984.94 420229.32140625 
113 4 149 152 153 155 232989.20984375 420216.48078125 
114 4 150 151 152 156 232993.59671875 420211.5296875 
115 4 155 157 159 160 232989.17984375 420224.37328125 
116 3 156 189 190 233042.25421875 420211.45515625 
117 4 157 161 162 173 232989.25234375 420234.750625 
118 4 158 159 162 163 232993.559375 420229.42234375 
119 3 163 193 194 233041.99453125 420229.24 
120 3 164 165 166 232935.59296875 420242.11546875 
121 3 165 167 205 232931.1709375 420247.9921875 
122 3 166 167 168 232940.2515625 420247.9996875 
123 3 168 169 170 232949.25875 420247.98734375 
124 3 169 171 172 232963.1375 420247.1665625 
125 3 170 171 221 232957.20671875 420254.09328125 
126 3 172 174 176 232986.0321875 420247.1415625 
127 3 173 174 175 232989.1096875 420242.8109375 
128 3 175 176 177 232993.1934375 420247.17296875 
129 3 177 178 179 233002.49359375 420247.19328125 
130 3 178 180 181 233016.9721875 420247.914375 
131 3 179 180 221 233007.73671875 420255.150625 
132 2 181 182 233029.384375 420248.63890625 
133 2 182 195 233036.25203125 420245.77828125 
134 2 183 196 233047.5290625 420181.72421875 
135 3 184 186 187 233047.55765625 420198.66125 
136 3 185 186 196 233047.56015625 420189.01328125 
137 3 187 188 190 233047.5471875 420206.63703125 
138 3 188 189 191 233047.525 420216.191875 
139 3 191 192 193 233047.593125 420224.10234375 
140 3 192 194 195 233047.2509375 420235.06328125 
141 4 197 198 199 200 232884.59421875 420234.935625 
142 3 200 202 204 232884.5725 420243.0596875 
143 3 202 203 236 232880.2615625 420247.9665625 
144 3 203 204 205 232888.87140625 420248.064375 
145 2 206 211 232975.53421875 420646.5534375 
146 1 207 232978.86890625 420621.9828125 
147 2 207 212 232978.8775 420646.5709375 
148 2 208 213 232965.70140625 420646.5025 
149 2 209 214 232969.1390625 420646.5203125 
150 2 210 215 232972.34515625 420646.536875 
151 2 211 216 232975.55265625 420665.7159375 
152 2 212 217 232978.90296875 420665.6515625 
153 2 213 218 232965.73265625 420665.905625 
154 2 214 219 232969.10015625 420665.840625 
155 2 215 220 232972.3478125 420665.7778125 
156 2 216 2150 232975.53984375 420690.8671875 
157 2 217 2151 232978.9453125 420691.18 
158 2 218 2145 232964.94703125 420689.8946875 
159 2 219 2154 232969.0675 420690.2728125 
160 2 220 2149 232972.29421875 420690.569375 
161 3 222 232 2810 232811.6840625 420533.12140625 
162 3 223 230 2811 232811.6596875 420529.71921875 
163 3 225 226 227 232869.175 420229.6315625 
164 3 228 230 2808 232791.80078125 420529.55921875 
165 3 229 232 2809 232791.8240625 420532.891875 
166 3 234 235 236 232856.04734375 420247.77546875 
167 2 1620 1681 231561.962734375 420813.7840625 
168 1 1620 231575.14734375 420807.5934375 
169 2 1621 1688 231677.592421875 420847.1728125 
170 2 1621 1625 231745.90125 420860.459375 
171 2 1622 1689 231677.00546875 420850.3821875 
172 2 1622 1628 231745.194609375 420864.3196875 
173 3 1623 1690 1691 231678.904609375 420839.9975 
174 3 1623 1627 2160 231747.219296875 420853.2584375 
175 2 1624 1687 231678.223203125 420843.7234375 
176 2 1624 1626 231746.530234375 420857.0228125 
177 2 1625 2146 231764.465 420864.080625 
178 2 1626 2147 231765.08921875 420860.6665625 
179 2 1627 2148 231765.709453125 420857.2740625 
180 3 1628 1696 1699 231742.91890625 420875.9403125 
181 2 1629 2676 233232.06203125 419115.466015625 
182 2 1629 1630 233225.0575 419120.994921875 
183 3 1630 1632 1633 233186.5884375 419150.99078125 
184 2 1631 2273 233228.23828125 419125.1384375 
185 2 1631 1634 233188.76453125 419153.813828125 
186 2 1632 1640 233167.99203125 419162.85796875 
187 2 1633 1641 233169.72546875 419165.055625 
188 2 1634 1642 233171.48453125 419167.28578125 
189 2 1635 1643 233083.44140625 419228.577734375 
190 3 1635 1636 1639 233058.57796875 419250.63359375 
191 2 1636 1644 233085.15921875 419230.79421875 
192 2 1637 1645 233086.8771875 419233.01078125 
193 2 1637 1638 233060.85390625 419253.28546875 
194 2 1638 1650 233001.38671875 419449.300625 
195 2 1639 1651 232998.015 419448.6046875 
196 2 1640 1643 233156.5396875 419171.731484375 
197 2 1641 1644 233158.2609375 419173.975 
198 3 1642 1645 2179 233159.9403125 419176.16390625 
199 2 1646 1662 233152.7196875 419166.961328125 
200 3 1646 1649 2626 233205.5115625 419126.265625 
201 3 1647 1663 2179 233154.50640625 419169.20296875 
202 2 1647 1648 233207.5996875 419129.004296875 
203 2 1648 2674 233225.92546875 419114.734453125 
204 2 1649 2675 233223.27671875 419112.621484375 
205 2 1650 2785 232994.134375 419481.1203125 
206 3 1651 2783 2784 232990.72078125 419480.2521875 
207 2 1654 2673 233225.675625 419095.46453125 
208 2 1654 2626 233209.23734375 419081.990390625 
209 2 1655 2672 233227.49734375 419092.86625 
210 1 1655 233211.22546875 419079.572265625 
211 3 1656 1783 1785 232977.74640625 419493.290625 
212 3 1656 1658 1660 233030.7628125 419273.443046875 
213 2 1657 1784 232981.63515625 419494.4 
214 2 1657 1661 233033.974375 419275.173984375 
215 2 1658 1659 233028.5728125 419256.431015625 
216 3 1659 1660 1662 233045.0325 419253.422265625 
217 2 1661 1663 233047.7528125 419255.8865625 
218 2 1664 1801 232931.89078125 419633.63953125 
219 2 1664 1670 232911.289375 419670.9821875 
220 3 1665 1802 1803 232934.9875 419635.4171875 
221 2 1665 1671 232914.234375 419672.83703125 
222 3 1666 1812 1817 232847.71671875 419736.985 
223 2 1666 1668 232899.86921875 419681.7471875 
224 2 1667 1813 232845.55703125 419734.12203125 
225 2 1667 1669 232896.96765625 419679.664375 
226 3 1668 1795 1796 232914.24546875 419657.97734375 
227 2 1669 1794 232911.06140625 419656.19421875 
228 2 1670 1810 232850.36734375 419739.76 
229 3 1671 1811 1819 232852.45046875 419742.53640625 
230 3 1672 1673 1868 233907.9328125 420903.2725 
231 3 1672 1910 2079 233935.5 420906.5025 
232 2 1673 1911 233935.4875 420903.3646875 
233 2 1674 1870 233907.95625 420900.2615625 
234 2 1674 1912 233935.4753125 420900.3071875 
235 3 1675 1921 1933 233968.3928125 420890.9334375 
236 2 1675 2180 233968.38 420877.2303125 
237 2 1676 1920 233965.4175 420890.9790625 
238 2 1676 2181 233965.3953125 420877.16 
239 2 1677 2798 233962.3084375 420891.0265625 
240 3 1677 1907 2182 233962.425 420877.09 
241 1 1678 231560.6959375 420821.0415625 
242 2 1678 1683 231590.93734375 420826.8425 
243 1 1679 231560.094570313 420824.486875 
244 2 1679 1684 231590.315820313 420830.310625 
245 1 1680 231561.347265625 420817.31 
246 2 1680 1686 231591.614414062 420823.0646875 
247 3 1681 1682 1685 231592.253125 420819.5009375 
248 1 1682 231586.00328125 420809.650625 
249 2 1683 1687 231669.13203125 420841.956875 
250 3 1684 1688 1689 231668.4996875 420845.4009375 
251 2 1685 1690 231670.474609375 420834.6440625 
252 2 1686 1691 231669.819453125 420838.2128125 
253 1 1692 231783.05328125 420849.730625 
254 3 1692 2083 2160 231788.16078125 420830.7346875 
255 2 1693 2133 231785.741484375 420850.475625 
256 2 1693 2084 231790.917578125 420831.46375 
257 3 1694 2130 2134 231768.272734375 420873.0665625 
258 2 1694 1698 231744.311015625 420868.475 
259 3 1695 2131 2135 231767.673203125 420876.5078125 
260 2 1695 1697 231743.6703125 420871.9109375 
261 3 1696 2132 2136 231767.000625 420880.368125 
262 2 1697 1702 231731.02234375 420869.5353125 
263 2 1698 1700 231731.70203125 420866.04875 
264 3 1699 1701 1703 231730.26203125 420873.435 
265 2 1700 1705 231722.30015625 420864.18625 
266 3 1701 1704 1706 231720.946171875 420871.6090625 
267 2 1702 1707 231721.665625 420867.6646875 
268 2 1703 1704 231725.300546875 420877.5653125 
269 1 1705 231697.552734375 420859.4609375 
270 1 1706 231696.178125 420866.821875 
271 1 1707 231696.916328125 420862.8690625 
272 3 1708 1709 2726 231876.40875 420890.4196875 
273 3 1708 1712 1718 231825.3653125 420879.8571875 
274 2 1709 1713 231824.776328125 420883.5 
275 2 1710 2727 231876.028984375 420893.88875 
276 2 1710 1714 231824.210546875 420886.9990625 
277 2 1711 2728 231875.61375 420897.6809375 
278 3 1711 1715 1717 231823.554609375 420891.0559375 
279 2 1712 2133 231797.1128125 420875.0725 
280 2 1713 2130 231796.38625 420878.42625 
281 2 1714 2131 231795.645859375 420881.8440625 
282 3 1715 1716 2132 231794.78578125 420885.814375 
283 2 1716 1717 231807.8040625 420895.3228125 
284 4 1718 2153 2173 2776 231827.110625 420867.9803125 
285 2 1719 2141 232991.39546875 420713.0853125 
286 2 1719 1731 233010.5178125 420716.351875 
287 2 1720 2142 232991.8696875 420710.3084375 
288 2 1720 1730 233011.0246875 420713.531875 
289 2 1721 2143 232992.3625 420707.4215625 
290 2 1721 1732 233011.5259375 420710.7421875 
291 3 1722 2144 2151 232992.88765625 420704.345625 
292 3 1722 1733 2122 233012.07109375 420707.7084375 
293 2 1723 1738 233121.271875 420741.26 
294 2 1723 1739 233145.7075 420750.1603125 
295 2 1724 1734 233120.39703125 420744.02625 
296 2 1724 1740 233144.50828125 420752.954375 
297 2 1725 1735 233119.5478125 420746.711875 
298 2 1725 1741 233143.34859375 420755.65625 
299 3 1726 1728 1736 233123.10015625 420735.47875 
300 3 1726 1729 1742 233148.05125 420744.7 
301 2 1727 1737 233122.17453125 420738.4059375 
302 2 1727 1743 233146.879375 420747.4303125 
303 2 1728 1729 233137.95203125 420735.85125 
304 2 1730 1734 233076.563125 420730.0825 
305 2 1731 1735 233075.730625 420732.8075 
306 2 1732 1738 233077.386875 420727.385625 
307 3 1733 1736 1737 233078.2159375 420724.671875 
308 2 1739 1747 233222.15046875 420801.5875 
309 2 1740 1744 233220.415625 420803.8596875 
310 2 1741 1745 233218.61109375 420806.2228125 
311 3 1742 1743 1746 233223.8559375 420799.3540625 
312 2 1744 1750 233365.16390625 420859.4865625 
313 3 1745 1748 1749 233364.7684375 420862.200625 
314 2 1746 1752 233365.999375 420853.755 
315 2 1747 1751 233365.5646875 420856.7371875 
316 3 1748 1753 2089 233382.74609375 420868.58875 
317 2 1749 1755 233383.27265625 420865.1675 
318 2 1750 1756 233383.69359375 420862.4334375 
319 2 1751 1757 233384.12296875 420859.64375 
320 2 1752 1754 233384.58078125 420856.67 
321 3 1753 1762 1763 233398.7259375 420871.12875 
322 3 1754 1758 1790 233400.98984375 420859.2725 
323 2 1755 1759 233399.37140625 420867.748125 
324 2 1756 1760 233399.899375 420864.9834375 
325 2 1757 1761 233400.43640625 420862.17125 
326 3 1758 1791 1809 233436.58265625 420865.1959375 
327 3 1759 1765 1806 233435.2778125 420873.75125 
328 3 1760 1764 1807 233435.7115625 420870.9075 
329 2 1761 1808 233436.144375 420868.0696875 
330 1 1762 233416.4925 420895.2528125 
331 1 1763 233419.74796875 420895.2653125 
332 1 1764 233409.70109375 420890.3171875 
333 1 1765 233412.94859375 420890.3684375 
334 1 1766 233406.59625 420897.6759375 
335 3 1766 1767 2088 233386.91 420881.894375 
336 2 1767 1773 233432.29296875 420889.3175 
337 2 1768 1774 233433.9225 420880.7884375 
338 3 1768 1792 2085 233388.3146875 420873.265625 
339 2 1769 1775 233433.4003125 420883.52125 
340 2 1769 2086 233387.85515625 420876.0878125 
341 2 1770 1776 233432.851875 420886.3925 
342 2 1770 2087 233387.3840625 420878.9821875 
343 3 1771 1773 2052 233446.0959375 420891.6878125 
344 1 1771 233430.5328125 420893.4325 
345 3 1772 2048 2080 233447.91359375 420879.6484375 
346 2 1772 1793 233434.56484375 420877.425625 
347 2 1774 2049 233447.40296875 420883.03125 
348 2 1775 2050 233446.98484375 420885.7996875 
349 2 1776 2051 233446.5525 420888.6640625 
350 2 1777 2783 232981.34625 419504.59171875 
351 3 1777 1780 1903 232971.7115625 419529.26484375 
352 2 1778 2784 232983.99546875 419505.506875 
353 2 1778 1904 232974.6625 419530.43265625 
354 2 1779 2785 232987.14890625 419506.59625 
355 2 1779 1905 232977.88953125 419531.70984375 
356 3 1780 1782 1783 232965.2021875 419526.52140625 
357 3 1781 1919 1928 232963.7471875 419539.04921875 
358 2 1781 1784 232968.21765625 419527.825625 
359 3 1782 1918 1929 232960.73078125 419537.81484375 
360 1 1785 232968.0353125 419505.14828125 
361 1 1786 232953.4178125 419542.10390625 
362 3 1786 1801 1908 232942.42875 419608.6725 
363 2 1789 1797 232939.413125 419607.436875 
364 1 1789 232960.725625 419602.69109375 
365 2 1790 1793 233409.39328125 420857.4725 
366 2 1791 1792 233414.34390625 420858.2215625 
367 3 1794 1798 1800 232927.4975 419619.21796875 
368 2 1795 1799 232930.6359375 419620.5571875 
369 2 1796 1797 232933.4221875 419621.7459375 
370 2 1798 1918 232933.51859375 419604.9659375 
371 2 1799 1919 232936.5265625 419606.226875 
372 1 1800 232929.083125 419602.6596875 
373 2 1802 1909 232945.79875 419610.11171875 
374 1 1803 232956.265 419616.884375 
375 2 1804 1855 232807.84265625 419758.4984375 
376 2 1804 1813 232825.486875 419748.18828125 
377 2 1805 1856 232809.50984375 419761.68140625 
378 3 1805 1812 1815 232827.44015625 419751.30359375 
379 2 1806 1887 233440.6065625 420874.635625 
380 2 1807 1888 233441.07390625 420871.810625 
381 2 1808 1889 233441.54109375 420868.9853125 
382 3 1809 1814 1890 233442.0221875 420866.076875 
383 2 1810 1857 232829.395 419754.4240625 
384 3 1811 1818 1858 232831.23203125 419757.5015625 
385 1 1814 233447.8940625 420863.320625 
386 2 1815 1819 232848.7696875 419755.34640625 
387 1 1816 233453.13421875 420864.185625 
388 4 1816 1890 1894 2080 233457.53359375 420868.598125 
389 2 1817 1818 232844.83859375 419758.0725 
390 1 1820 233542.14796875 420874.3978125 
391 3 1820 1824 1899 233558.358125 420885.51375 
392 2 1821 1895 233557.48140625 420891.290625 
393 2 1821 1825 233791.399375 420900.45625 
394 2 1822 1896 233557.0575 420894.0840625 
395 2 1822 1826 233791.4121875 420903.2521875 
396 2 1823 1900 233557.91703125 420888.42 
397 2 1823 1828 233791.3865625 420897.6359375 
398 3 1824 1827 1829 233791.3734375 420894.694375 
399 2 1825 1831 233805.8025 420900.4859375 
400 2 1826 1832 233805.761875 420903.29125 
401 3 1827 1830 1833 233805.88625 420894.700625 
402 2 1828 1834 233805.84375 420897.6384375 
403 2 1829 1830 233799.4575 420890.6621875 
404 2 1831 1837 233833.68875 420900.519375 
405 2 1832 1838 233833.675 420903.27625 
406 3 1833 1835 1839 233833.71875 420894.6246875 
407 2 1834 1840 233833.70375 420897.5778125 
408 2 1835 1836 233841.51875 420890.886875 
409 3 1836 1839 1843 233849.44375 420894.655 
410 2 1837 1841 233849.4209375 420900.4778125 
411 2 1838 1842 233849.41 420903.2703125 
412 2 1840 1844 233849.4321875 420897.6021875 
413 2 1841 1865 233875.2421875 420900.479375 
414 2 1842 1866 233875.2228125 420903.2621875 
415 2 1843 1848 233875.2828125 420894.636875 
416 2 1844 1867 233875.2621875 420897.594375 
417 3 1845 1847 1863 232691.7859375 419793.92828125 
418 3 1845 1851 2780 232709.12625 419789.7946875 
419 2 1846 1864 232692.54390625 419797.3803125 
420 2 1846 1850 232709.98390625 419793.208125 
421 2 1847 2780 232704.481875 419778.005 
422 1 1848 233882.460625 420890.698125 
423 1 1849 233889.519375 420890.670625 
424 3 1849 1867 1869 233896.945625 420896.1096875 
425 2 1850 1853 232741.01296875 419785.81953125 
426 2 1851 1852 232740.2059375 419782.39625 
427 3 1852 1854 1855 232760.16796875 419777.35015625 
428 2 1853 1856 232761.0725 419780.7765625 
429 1 1854 232741.33234375 419774.37953125 
430 3 1857 1860 1861 232474.71609375 419873.6903125 
431 2 1858 1862 232476.45046875 419876.56859375 
432 2 1860 1874 232440.809375 419892.23703125 
433 2 1861 1875 232442.45359375 419894.61875 
434 3 1862 1876 1879 232444.35328125 419897.37046875 
435 3 1863 1878 1882 232436.6409375 419886.7103125 
436 3 1864 1877 1883 232438.57859375 419889.66734375 
437 2 1865 1870 233896.90375 420900.4290625 
438 2 1866 1868 233896.875625 420903.3228125 
439 2 1869 1907 233907.9896875 420895.9925 
440 3 1871 1872 1951 232368.19015625 419941.12265625 
441 2 1871 1886 232398.6521875 419921.17015625 
442 2 1872 1877 232397.075625 419918.93984375 
443 2 1873 1950 232366.25796875 419938.589375 
444 3 1873 1878 1885 232395.23484375 419916.339375 
445 2 1874 1884 232411.3534375 419893.01625 
446 3 1875 1881 1935 232402.79890625 419922.39296875 
447 3 1876 1880 1936 232404.75140625 419925.29828125 
448 3 1879 1886 1902 232438.48828125 419914.53484375 
449 3 1880 1883 1884 232431.5825 419919.43546875 
450 2 1881 1902 232414.81171875 419887.739375 
451 1 1882 232418.86078125 419886.11296875 
452 1 1885 232407.7984375 419896.791875 
453 2 1887 1892 233456.12125 420877.1515625 
454 2 1888 1891 233456.5825 420874.3578125 
455 2 1889 1893 233457.05171875 420871.516875 
456 2 1891 1895 233523.23484375 420885.33625 
457 2 1892 1896 233522.934375 420888.161875 
458 2 1893 1900 233523.53984375 420882.466875 
459 3 1894 1899 1901 233523.870625 420879.3553125 
460 1 1901 233535.91171875 420873.16625 
461 2 1903 1906 232967.08859375 419540.416875 
462 2 1904 1908 232970.125 419541.6665625 
463 2 1905 1909 232973.4021875 419543.0153125 
464 1 1906 232951.63640625 419548.61609375 
465 3 1910 1913 1915 233950.085625 420906.5534375 
466 3 1911 1914 1916 233950.11625 420903.45 
467 2 1912 1917 233950.146875 420900.31375 
468 3 1913 1940 2778 233974.2775 420923.1475 
469 3 1914 1942 2777 233977.1325 420922.9959375 
470 6 1915 1916 1917 1922 1943 2796 233987.10375 420905.4221875 
471 2 1920 1925 233965.4953125 420927.364375 
472 2 1921 1923 233968.3871875 420927.1253125 
473 2 1922 1924 233971.22 420926.89125 
474 1 1923 233968.3025 420951.48 
475 1 1924 233971.134375 420951.4909375 
476 1 1925 233965.4165625 420951.4684375 
477 2 1926 1927 233962.4703125 420951.456875 
478 2 1926 2798 233962.42625 420927.618125 
479 3 1927 1969 2079 233935.3625 420919.2253125 
480 1 1928 232958.2009375 419608.95375 
481 1 1929 232956.9225 419611.91359375 
482 6 1930 1931 1932 1933 1934 2797 233990.51125 420910.22125 
483 3 1930 1939 1963 233953.498125 420909.8571875 
484 2 1931 1964 233953.51 420912.788125 
485 2 1932 1965 233953.5221875 420915.7809375 
486 3 1934 1941 2779 233980.0565625 420922.8403125 
487 3 1935 1953 2802 232092.475078125 420144.70890625 
488 2 1936 1952 232094.798125 420147.263125 
489 3 1937 1955 1957 232084.97515625 420141.50234375 
490 3 1937 1944 1945 232281.43890625 419999.29375 
491 2 1938 1954 232087.451484375 420144.23828125 
492 2 1938 1946 232283.539765625 420002.211875 
493 2 1939 2184 233971.5278125 420887.113125 
494 2 1940 2183 233974.2296875 420886.9925 
495 3 1941 1943 2186 233980.1015625 420886.7303125 
496 2 1942 2185 233977.1803125 420886.860625 
497 2 1944 1948 232301.143046875 419980.71140625 
498 2 1945 1949 232303.286328125 419983.7740625 
499 2 1946 1947 232305.36046875 419986.73765625 
500 2 1947 1951 232327.55078125 419971.004375 
501 3 1948 1949 1950 232325.51234375 419968.0575 
502 3 1952 1959 1971 232060.465234375 420183.10640625 
503 2 1953 1956 232045.4621875 420150.45921875 
504 2 1954 1962 232054.45515625 420178.4234375 
505 2 1955 1961 232051.484765625 420176.19671875 
506 2 1956 1960 232047.863203125 420173.4821875 
507 1 1957 232053.149609375 420142.365625 
508 1 1958 232048.923984375 420147.00765625 
509 3 1958 1970 2802 232057.703515625 420180.87703125 
510 1 1959 232050.974765625 420144.75484375 
511 3 1960 1961 2046 232033.994296875 420200.0953125 
512 2 1962 2047 232036.836484375 420202.20546875 
513 2 1963 1967 233935.4646875 420910.0428125 
514 2 1964 1966 233935.430625 420913.10375 
515 2 1965 1968 233935.3971875 420916.0934375 
516 2 1966 1972 233894.9409375 420913.4671875 
517 2 1967 1973 233894.975625 420910.629375 
518 2 1968 1975 233894.905 420916.4028125 
519 3 1969 1974 1976 233894.86875 420919.38125 
520 2 1970 1978 231922.44703125 420383.22078125 
521 3 1971 1979 1980 231925.62484375 420384.57828125 
522 2 1972 1981 233874.4925 420913.4446875 
523 2 1973 1982 233874.5090625 420910.6003125 
524 3 1974 1977 1983 233874.458125 420919.339375 
525 2 1975 1984 233874.4753125 420916.3859375 
526 2 1976 1977 233885.1871875 420923.489375 
527 2 1978 1991 231909.682109375 420420.4528125 
528 2 1979 1992 231912.547109375 420421.2175 
529 2 1980 1993 231915.421328125 420421.9846875 
530 2 1981 1985 233809.768125 420913.4203125 
531 2 1982 1986 233809.790625 420910.6121875 
532 3 1983 1987 1989 233809.720625 420919.2653125 
533 2 1984 1988 233809.744375 420916.31875 
534 2 1985 2002 233786.98125 420913.378125 
535 2 1986 2003 233787.0221875 420910.5721875 
536 3 1987 1990 2004 233786.8953125 420919.26375 
537 2 1988 2005 233786.93875 420916.29125 
538 2 1989 1990 233797.7875 420927.6796875 
539 2 1991 1995 231905.29203125 420436.1578125 
540 2 1992 1996 231908.099765625 420436.9034375 
541 3 1993 1994 1997 231910.903046875 420437.6478125 
542 1 1994 231919.246875 420430.90984375 
543 3 1995 1998 1999 231897.004765625 420466.53984375 
544 2 1996 2000 231899.77359375 420467.35109375 
545 2 1997 2001 231902.614609375 420468.18375 
546 2 1998 2053 231884.933515625 420499.83859375 
547 2 1999 2054 231887.677265625 420500.5765625 
548 3 2000 2001 2055 231890.492734375 420501.33375 
549 2 2002 2006 233750.503125 420913.365625 
550 2 2003 2007 233750.54875 420910.568125 
551 3 2004 2008 2010 233750.406875 420919.2303125 
552 2 2005 2009 233750.4553125 420916.2709375 
553 2 2006 2023 233735.645625 420913.37125 
554 2 2007 2024 233735.655 420910.565625 
555 3 2008 2011 2025 233735.625625 420919.2 
556 2 2009 2026 233735.635625 420916.255625 
557 2 2010 2011 233743.1871875 420924.3565625 
558 4 2012 2013 2072 2075 231867.687265625 420539.81 
559 3 2012 2017 2056 231870.049375 420519.546875 
560 2 2013 2015 231872.959140625 420520.376875 
561 3 2014 2071 2076 231870.52140625 420540.56046875 
562 2 2014 2016 231875.8053125 420521.18859375 
563 2 2015 2020 231879.341875 420497.105625 
564 2 2016 2018 231882.18859375 420497.86609375 
565 3 2017 2019 2022 231876.431171875 420496.328125 
566 2 2018 2043 231887.3734375 420479.00484375 
567 3 2019 2021 2044 231881.585859375 420477.35890625 
568 2 2020 2045 231884.504921875 420478.1890625 
569 2 2021 2022 231871.603515625 420484.19109375 
570 2 2023 2027 233680.5890625 420913.36 
571 2 2024 2028 233680.6565625 420910.5328125 
572 3 2025 2029 2031 233680.4490625 420919.2378125 
573 2 2026 2030 233680.519375 420916.29 
574 2 2027 2033 233665.07125 420913.33 
575 2 2028 2034 233665.120625 420910.5290625 
576 3 2029 2032 2035 233664.9678125 420919.2065625 
577 2 2030 2036 233665.02 420916.2325 
578 2 2031 2032 233672.46375 420926.6928125 
579 2 2033 2037 233630.4828125 420913.250625 
580 2 2034 2038 233630.530625 420910.4840625 
581 3 2035 2039 2041 233630.38125 420919.094375 
582 2 2036 2040 233630.4325 420916.14875 
583 2 2037 2060 233614.47703125 420912.6165625 
584 2 2038 2061 233614.68015625 420909.84125 
585 3 2039 2042 2062 233614.04484375 420918.52 
586 2 2040 2063 233614.2625 420915.5471875 
587 2 2041 2042 233622.5778125 420923.7421875 
588 2 2043 2047 231901.8053125 420429.055 
589 3 2044 2045 2046 231898.581171875 420428.003125 
590 3 2048 2049 2064 233462.6053125 420885.590625 
591 2 2050 2065 233462.2396875 420888.355625 
592 2 2051 2066 233461.8615625 420891.2159375 
593 2 2052 2067 233461.4740625 420894.1475 
594 3 2053 2056 2057 231878.75421875 420522.1421875 
595 2 2054 2058 231881.50234375 420522.90046875 
596 2 2055 2059 231884.30046875 420523.67265625 
597 2 2057 2073 231873.43609375 420541.83765625 
598 2 2058 2068 231876.1253125 420542.5921875 
599 3 2059 2069 2074 231878.92421875 420543.3775 
600 2 2060 2065 233559.34765625 420904.70375 
601 2 2061 2064 233559.76078125 420901.9403125 
602 2 2062 2067 233558.473125 420910.5528125 
603 2 2063 2066 233558.92640625 420907.520625 
604 2 2068 2081 231868.438828125 420570.71859375 
605 3 2069 2078 2082 231871.203671875 420571.474375 
606 2 2070 2092 231865.3621875 420570.1409375 
607 2 2070 2074 231876.3915625 420561.25796875 
608 3 2071 2077 2078 231874.879921875 420566.9565625 
609 3 2072 2073 2077 231855.723203125 420549.14671875 
610 2 2075 2090 231859.809375 420568.659375 
611 2 2076 2091 231862.639296875 420569.414375 
612 3 2081 2097 2098 231836.89453125 420686.26 
613 2 2082 2099 231839.683828125 420687.0371875 
614 2 2083 2090 231834.101640625 420663.2228125 
615 3 2084 2091 2092 231836.94359375 420664.024375 
616 2 2085 2093 233382.16875 420872.3590625 
617 2 2086 2094 233381.7565625 420875.0934375 
618 2 2087 2095 233381.32015625 420877.9878125 
619 3 2088 2089 2096 233380.87671875 420880.929375 
620 3 2093 2106 2108 233081.23265625 420741.881875 
621 2 2094 2105 233080.42828125 420744.484375 
622 2 2095 2107 233079.58984375 420747.198125 
623 2 2096 2109 233078.65203125 420750.2328125 
624 2 2097 2101 231807.57625 420782.6328125 
625 2 2098 2100 231810.320703125 420783.3925 
626 3 2099 2102 2103 231813.0878125 420784.1584375 
627 2 2100 2125 231804.3221875 420805.35875 
628 2 2101 2123 231801.5396875 420804.604375 
629 3 2102 2104 2124 231807.10015625 420806.1115625 
630 2 2103 2104 231812.0584375 420797.164375 
631 2 2105 2110 233015.904375 420727.0740625 
632 2 2106 2111 233016.43703125 420724.1646875 
633 2 2107 2115 233015.37171875 420729.98375 
634 2 2108 2112 233017.00125 420721.083125 
635 3 2109 2113 2114 233014.8103125 420733.0496875 
636 2 2110 2120 233008.91140625 420725.813125 
637 2 2111 2119 233009.39515625 420722.9053125 
638 3 2112 2116 2122 233009.9259375 420719.7146875 
639 2 2113 2118 233007.50453125 420734.271875 
640 2 2114 2117 233007.9146875 420731.8059375 
641 2 2115 2121 233008.421875 420728.7565625 
642 2 2116 2154 232989.02546875 420716.255625 
643 2 2117 2155 232986.9078125 420728.4225 
644 2 2118 2159 232986.36515625 420731.5396875 
645 2 2119 2156 232988.46328125 420719.48625 
646 2 2120 2157 232987.93875 420722.4996875 
647 2 2121 2158 232987.44046875 420725.361875 
648 2 2123 2126 231797.2865625 420820.0646875 
649 3 2124 2127 2173 231802.872890625 420821.57 
650 2 2125 2128 231800.063984375 420820.813125 
651 2 2126 2134 231789.746640625 420847.8946875 
652 2 2127 2136 231795.37078125 420849.0234375 
653 2 2128 2135 231792.57 420848.46125 
654 2 2129 2162 232949.926875 420711.7978125 
655 2 2129 2159 232966.46984375 420740.4159375 
656 2 2137 2163 232950.31546875 420699.866875 
657 3 2137 2144 2145 232955.1609375 420700.0884375 
658 2 2138 2164 232950.03109375 420708.599375 
659 2 2138 2141 232954.9665625 420708.8596875 
660 2 2139 2165 232950.12625 420705.675625 
661 2 2139 2142 232955.028125 420706.075625 
662 2 2140 2166 232950.21765625 420702.869375 
663 2 2140 2143 232955.0896875 420703.2990625 
664 2 2146 2799 231797.750625 420870.568125 
665 2 2147 2152 231798.420234375 420867.09375 
666 2 2148 2153 231799.092578125 420863.6053125 
667 3 2149 2156 2167 232945.04875 420715.1675 
668 3 2150 2157 2169 232944.93984375 420718.30625 
669 2 2152 2775 231826.566953125 420871.989375 
670 2 2155 2171 232944.73015625 420724.34625 
671 2 2158 2170 232944.83578125 420721.305625 
672 1 2161 232961.771875 420740.398125 
673 2 2161 2168 232944.61453125 420727.6809375 
674 3 2162 2172 2791 232937.00234375 420711.291875 
675 2 2163 2795 232937.4915625 420699.2946875 
676 2 2164 2792 232937.1353125 420708.03125 
677 2 2165 2793 232937.25640625 420705.0615625 
678 2 2166 2794 232937.37265625 420702.209375 
679 2 2167 2176 232936.8875 420714.8125 
680 2 2168 2174 232936.5296875 420727.225 
681 2 2169 2175 232936.79765625 420717.93 
682 2 2170 2177 232936.71046875 420720.9584375 
683 3 2171 2172 2178 232936.62265625 420724.0028125 
684 3 2174 2178 2280 232877.1446875 420725.0165625 
685 2 2175 2278 232876.72296875 420719.1796875 
686 2 2176 2279 232876.51890625 420716.4559375 
687 2 2177 2281 232876.92484375 420721.973125 
688 2 2180 2188 233968.420625 420842.8175 
689 2 2181 2187 233965.4121875 420842.786875 
690 3 2182 2189 2190 233962.4696875 420842.756875 
691 2 2183 2257 233974.214375 420832.545625 
692 3 2184 2258 2298 233971.48875 420832.5275 
693 2 2185 2260 233977.17375 420832.565 
694 2 2186 2259 233980.1090625 420832.584375 
695 2 2187 2194 233965.42 420832.45625 
696 2 2188 2192 233968.44375 420832.474375 
697 4 2189 2191 2193 2298 233962.4675 420832.43875 
698 2 2190 2191 233956.1571875 420838.003125 
699 2 2192 2195 233968.3946875 420784.6821875 
700 3 2193 2196 2199 233962.3990625 420784.68375 
701 2 2194 2197 233965.370625 420784.683125 
702 2 2195 2200 233968.3921875 420764.2925 
703 3 2196 2198 2201 233962.3734375 420764.2690625 
704 2 2197 2202 233965.3496875 420764.280625 
705 2 2198 2199 233956.579375 420775.0859375 
706 3 2200 2204 2205 233968.3134375 420655.033125 
707 2 2201 2206 233962.39 420655.03 
708 2 2202 2203 233965.330625 420655.0315625 
709 2 2203 2346 233965.341875 420546.60390625 
710 2 2204 2344 233968.341875 420546.625625 
711 2 2205 2380 233971.0178125 420546.64515625 
712 2 2206 2345 233962.38875 420546.58234375 
713 2 2207 2344 233968.343125 420532.78953125 
714 2 2207 2381 233968.3415625 420518.9059375 
715 2 2208 2345 233962.38625 420532.80625 
716 3 2208 2382 2384 233962.398125 420518.9446875 
717 2 2209 2346 233965.3265625 420532.79796875 
718 2 2209 2383 233965.336875 420518.925625 
719 2 2210 2350 233976.9375 420546.66921875 
720 2 2210 2215 233976.9209375 420555.10078125 
721 2 2211 2349 233973.9403125 420546.66359375 
722 2 2211 2213 233973.93 420555.10359375 
723 3 2212 2351 2380 233980.0496875 420546.675 
724 3 2212 2214 2357 233980.0025 420555.09796875 
725 2 2213 2216 233973.9340625 420575.99109375 
726 3 2214 2217 2358 233980.031875 420575.9946875 
727 2 2215 2218 233976.9471875 420575.9928125 
728 2 2216 2219 233973.9409375 420590.87265625 
729 3 2217 2220 2378 233979.9915625 420590.87640625 
730 2 2218 2221 233976.9253125 420590.87453125 
731 2 2219 2222 233973.9346875 420599.0478125 
732 3 2220 2223 2379 233979.9865625 420599.05140625 
733 2 2221 2224 233976.931875 420599.04953125 
734 2 2222 2225 233973.9575 420614.90828125 
735 3 2223 2226 2228 233980.00125 420614.93203125 
736 2 2224 2227 233976.9384375 420614.92 
737 2 2225 2230 233973.9471875 420625.60125 
738 3 2226 2229 2231 233979.9884375 420625.6046875 
739 2 2227 2232 233976.944375 420625.6028125 
740 2 2228 2229 233987.2490625 420620.194375 
741 2 2230 2233 233973.9378125 420640.7703125 
742 2 2231 2276 233980.0046875 420640.77375 
743 2 2232 2234 233976.933125 420640.7721875 
744 3 2233 2236 2237 233973.94 420651.8675 
745 2 2234 2235 233976.945 420651.869375 
746 2 2235 2242 233976.991875 420685.8284375 
747 2 2236 2239 233973.990625 420685.8246875 
748 2 2237 2240 233971.276875 420685.82125 
749 2 2238 2277 233979.9790625 420651.87125 
750 3 2238 2241 2243 233979.9990625 420685.8321875 
751 2 2239 2245 233973.9859375 420699.1675 
752 2 2240 2246 233971.2840625 420699.1640625 
753 3 2241 2244 2247 233979.980625 420699.175 
754 2 2242 2248 233977.0040625 420699.17125 
755 2 2243 2244 233986.695 420692.334375 
756 2 2245 2249 233974.0325 420735.863125 
757 2 2246 2250 233971.3721875 420735.8596875 
758 3 2247 2251 2274 233980.0390625 420735.870625 
759 2 2248 2252 233977.015 420735.866875 
760 2 2249 2269 233974.1034375 420747.5990625 
761 2 2250 2270 233971.389375 420747.595625 
762 3 2251 2271 2275 233980.01875 420747.6065625 
763 2 2252 2272 233977.0790625 420747.6028125 
764 3 2253 2671 2674 233254.65984375 419108.816484375 
765 3 2253 2287 2288 233300.1309375 419145.438828125 
766 3 2254 2675 2801 233257.203125 419105.99453125 
767 2 2254 2286 233301.965625 419143.214140625 
768 2 2255 2293 233380.64828125 419220.112578125 
769 2 2255 2263 233273.7934375 419131.331796875 
770 3 2256 2294 2299 233378.77796875 419222.38078125 
771 3 2256 2264 2273 233271.92359375 419133.60984375 
772 2 2257 2265 233974.088125 420786.8921875 
773 2 2258 2266 233971.4359375 420786.88625 
774 3 2259 2262 2267 233980.0384375 420786.905625 
775 2 2260 2268 233977.0721875 420786.8990625 
776 4 2261 2267 2271 2295 233980.0321875 420767.0921875 
777 1 2261 233991.973125 420776.2325 
778 1 2262 233991.9184375 420779.2771875 
779 2 2263 2672 233253.85015625 419114.623046875 
780 2 2264 2673 233251.69359375 419116.888984375 
781 2 2265 2269 233974.0825 420767.1009375 
782 2 2266 2270 233971.41 420767.1046875 
783 2 2268 2272 233977.0634375 420767.0965625 
784 2 2274 2275 233987.15 420742.568125 
785 2 2276 2277 233987.349375 420645.63625 
786 2 2278 2282 232837.9725 420723.9146875 
787 2 2279 2283 232837.57625 420721.395 
788 3 2280 2284 2289 232838.81015625 420729.6625 
789 2 2281 2285 232838.38234375 420726.7275 
790 2 2282 2301 232774.02015625 420736.6771875 
791 2 2283 2302 232773.4615625 420734.146875 
792 3 2284 2290 2303 232775.2665625 420742.54625 
793 2 2285 2304 232774.60046875 420739.41 
794 2 2286 2291 233387.02984375 419213.885234375 
795 2 2287 2292 233385.17484375 419216.212265625 
796 2 2288 2296 233383.405625 419218.4315625 
797 2 2289 2290 232806.11203125 420750.8296875 
798 2 2291 2320 233413.27578125 419235.771875 
799 3 2292 2300 2319 233411.36234375 419237.959296875 
800 2 2293 2321 233400.66546875 419236.80421875 
801 3 2294 2297 2322 233398.7196875 419239.040859375 
802 1 2295 233989.6875 420784.7284375 
803 2 2296 2297 233387.72921875 419238.546875 
804 2 2299 2300 233383.0778125 419234.612890625 
805 2 2301 2307 232721.8871875 420747.7965625 
806 3 2302 2305 2306 232721.3584375 420745.119375 
807 2 2303 2309 232723.00796875 420753.6834375 
808 2 2304 2308 232722.43078125 420750.6521875 
809 2 2305 2318 232710.23359375 420743.8090625 
810 2 2306 2315 232710.89234375 420747.2384375 
811 2 2307 2316 232711.414375 420749.95625 
812 2 2308 2317 232711.964375 420752.8196875 
813 2 2309 2314 232712.55640625 420755.9015625 
814 3 2310 2326 2331 232684.88046875 420745.2421875 
815 2 2310 2787 232709.49953125 420740.1528125 
816 2 2311 2328 232684.3196875 420742.488125 
817 2 2311 2788 232708.89015625 420737.3428125 
818 2 2312 2327 232683.76953125 420739.786875 
819 2 2312 2789 232708.29640625 420734.60375 
820 2 2313 2800 232683.2028125 420737.0034375 
821 3 2313 2318 2790 232707.676875 420731.7459375 
822 2 2314 2332 232688.22859375 420761.021875 
823 2 2315 2333 232686.44078125 420752.415625 
824 2 2316 2334 232687.0140625 420755.175 
825 2 2317 2335 232687.60453125 420758.0178125 
826 3 2319 2323 2324 233485.1959375 419299.397890625 
827 2 2320 2325 233487.03875 419297.166171875 
828 2 2321 2342 233573.05578125 419377.62015625 
829 3 2322 2340 2343 233571.405 419380.123125 
830 2 2323 2338 233570.5271875 419372.0671875 
831 2 2324 2336 233572.14390625 419369.65546875 
832 2 2325 2337 233573.76046875 419367.24375 
833 2 2326 2441 232619.25859375 420758.8146875 
834 4 2327 2443 2444 2800 232617.801875 420751.5440625 
835 2 2328 2440 232618.56640625 420755.36 
836 1 2329 232646.92 420780.6265625 
837 3 2329 2335 2448 232622.3809375 420774.3175 
838 2 2330 2442 232620.00125 420762.5209375 
839 1 2330 232659.29671875 420784.2278125 
840 1 2331 232655.6515625 420783.0853125 
841 1 2332 232662.86484375 420785.4034375 
842 2 2333 2446 232620.96671875 420767.1228125 
843 2 2334 2447 232621.64 420770.548125 
844 3 2336 2339 2347 233599.404375 419388.16609375 
845 2 2337 2348 233601.0609375 419385.68640625 
846 4 2338 2339 2340 2341 233578.26375 419391.47734375 
847 3 2341 2343 2356 233591.04078125 419393.25078125 
848 2 2342 2355 233592.76640625 419390.8178125 
849 3 2347 2352 2353 233609.0940625 419394.7090625 
850 2 2348 2354 233610.74828125 419392.3053125 
851 2 2349 2432 233973.94125 420515.50625 
852 2 2350 2433 233976.960625 420515.43734375 
853 2 2351 2434 233980.0421875 420515.36703125 
854 2 2352 2361 233654.165625 419428.47625 
855 2 2353 2359 233655.785 419426.12109375 
856 2 2354 2360 233657.4540625 419423.69390625 
857 2 2355 2362 233646.9225 419427.33296875 
858 3 2356 2363 2365 233645.28375 419429.7603125 
859 2 2357 2358 233986.74875 420565.6309375 
860 3 2359 2366 2426 233675.3134375 419439.25125 
861 2 2360 2427 233676.945 419436.80640625 
862 4 2361 2364 2365 2366 233655.8703125 419440.31171875 
863 2 2362 2438 233666.2484375 419440.4275 
864 3 2363 2364 2439 233664.62375 419442.88421875 
865 2 2367 2468 232553.37078125 420772.7840625 
866 2 2367 2373 232572.1115625 420768.794375 
867 2 2368 2469 232554.0759375 420776.43375 
868 2 2368 2374 232572.85671875 420772.4984375 
869 3 2369 2370 2470 232552.04 420765.8975 
870 2 2369 2376 232570.10515625 420758.8228125 
871 2 2370 2375 232570.72234375 420761.8903125 
872 2 2371 2471 232552.7090625 420769.3603125 
873 2 2371 2372 232571.40890625 420765.3025 
874 2 2372 2440 232601.5209375 420758.99125 
875 2 2373 2441 232602.183125 420762.4328125 
876 3 2374 2442 2460 232602.9240625 420766.28375 
877 2 2375 2444 232600.856875 420755.540625 
878 1 2376 232578.355 420740.8353125 
879 1 2377 232584.48890625 420740.7446875 
880 2 2377 2443 232600.263125 420752.454375 
881 2 2378 2379 233985.69625 420594.57125 
882 2 2381 2387 233968.3459375 420505.594375 
883 4 2382 2385 2388 2445 233962.3975 420505.55859375 
884 2 2383 2386 233965.321875 420505.57625 
885 2 2384 2385 233955.3553125 420511.93859375 
886 2 2386 2391 233965.296875 420434.32828125 
887 2 2387 2389 233968.30875 420434.3275 
888 3 2388 2390 2392 233962.369375 420434.32921875 
889 2 2389 2394 233968.2628125 420413.05265625 
890 3 2390 2393 2395 233962.375625 420413.00578125 
891 2 2391 2396 233965.2746875 420413.02890625 
892 2 2392 2393 233955.48875 420423.76546875 
893 3 2394 2398 2399 233968.2403125 420382.535 
894 2 2395 2400 233962.3396875 420382.511875 
895 2 2396 2397 233965.245625 420382.52328125 
896 2 2397 2404 233965.270625 420256.21078125 
897 2 2398 2401 233968.215 420256.2221875 
898 2 2399 2402 233970.9475 420256.23296875 
899 3 2400 2403 2406 233962.3671875 420256.199375 
900 2 2401 2407 233968.2603125 420231.9040625 
901 2 2402 2481 233970.99125 420231.89640625 
902 3 2403 2405 2408 233962.486875 420231.92015625 
903 2 2404 2409 233965.3353125 420231.9121875 
904 2 2405 2406 233955.853125 420245.2165625 
905 2 2407 2482 233968.2378125 420215.80765625 
906 2 2408 2484 233962.4815625 420215.6046875 
907 2 2409 2483 233965.3596875 420215.70609375 
908 2 2410 2497 233974.02625 420212.52640625 
909 2 2410 2414 233973.9803125 420231.89296875 
910 2 2411 2498 233976.800625 420212.56390625 
911 2 2411 2413 233976.771875 420231.90390625 
912 2 2412 2499 233979.565625 420212.60125 
913 3 2412 2415 2481 233979.8521875 420231.9159375 
914 2 2413 2418 233976.96375 420317.3490625 
915 2 2414 2416 233973.9921875 420317.325 
916 3 2415 2417 2461 233979.9871875 420317.37359375 
917 2 2416 2420 233973.971875 420333.736875 
918 2 2417 2422 233980.0184375 420333.77015625 
919 2 2418 2419 233976.9609375 420333.7534375 
920 2 2419 2425 233976.9703125 420359.0434375 
921 2 2420 2423 233973.9821875 420359.01953125 
922 2 2421 2462 233982.9025 420333.78609375 
923 3 2421 2422 2424 233980.02125 420359.06796875 
924 3 2423 2428 2429 233973.914375 420435.276875 
925 2 2424 2431 233980.04 420435.32109375 
926 2 2425 2430 233976.93375 420435.29859375 
927 3 2426 2435 2436 233717.326875 419467.52625 
928 2 2427 2437 233718.96125 419465.12984375 
929 2 2428 2445 233971.25 420505.62203125 
930 2 2429 2432 233973.9453125 420505.62546875 
931 2 2430 2433 233976.9896875 420505.62921875 
932 2 2431 2434 233980.064375 420505.633125 
933 2 2435 2452 233794.980625 419523.253125 
934 2 2436 2453 233796.6928125 419520.86078125 
935 2 2437 2454 233798.4675 419518.38125 
936 2 2438 2458 233797.5615625 419528.83859375 
937 3 2439 2455 2459 233795.9228125 419531.20546875 
938 2 2446 2450 232603.76375 420770.6775 
939 2 2447 2449 232604.46984375 420774.2884375 
940 3 2448 2451 2460 232605.18515625 420777.9465625 
941 2 2449 2465 232560.92203125 420783.45125 
942 2 2450 2463 232560.21875 420780.0371875 
943 3 2451 2464 2466 232561.69140625 420787.1853125 
944 2 2452 2457 233808.4146875 419546.6146875 
945 2 2453 2479 233826.9290625 419541.3728125 
946 2 2454 2480 233828.6671875 419538.8003125 
947 1 2455 233800.8409375 419541.57109375 
948 1 2456 233803.8759375 419543.59203125 
949 2 2456 2478 233825.320625 419543.75359375 
950 3 2457 2459 2551 233819.2521875 419546.97796875 
951 2 2458 2550 233820.89125 419544.55125 
952 1 2461 233989.7896875 420323.4975 
953 1 2462 233989.864375 420327.0590625 
954 2 2463 2560 232534.615 420785.470625 
955 3 2464 2467 2561 232536.1034375 420792.6303125 
956 2 2465 2562 232535.31890625 420788.856875 
957 2 2466 2467 232549.74328125 420796.6125 
958 2 2468 2475 232533.60484375 420776.9853125 
959 2 2469 2476 232534.279375 420780.589375 
960 3 2470 2473 2477 232532.29828125 420770.004375 
961 2 2471 2474 232532.95671875 420773.5221875 
962 2 2472 2536 232516.10234375 420770.3840625 
963 2 2472 2473 232522.45640625 420766.899375 
964 2 2474 2538 232517.3771875 420776.7478125 
965 3 2475 2476 2535 232518.06625 420780.1871875 
966 2 2477 2537 232516.68953125 420773.315 
967 2 2478 2584 233924.9053125 419610.84421875 
968 2 2479 2585 233926.5203125 419608.4940625 
969 3 2480 2586 2587 233928.166875 419606.0984375 
970 2 2482 2486 233968.4265625 420185.94703125 
971 2 2483 2485 233965.524375 420185.87625 
972 3 2484 2487 2607 233962.6175 420185.80515625 
973 2 2485 2490 233965.6125 420179.65734375 
974 2 2486 2488 233968.5225 420179.72828125 
975 3 2487 2489 2500 233962.7209375 420179.586875 
976 2 2488 2491 233970.255 420150.70796875 
977 3 2489 2492 2501 233964.5371875 420150.17328125 
978 2 2490 2493 233967.4609375 420150.44671875 
979 2 2491 2552 233971.7334375 420137.50359375 
980 3 2492 2553 2554 233965.9159375 420136.78765625 
981 2 2493 2555 233968.9175 420137.15703125 
982 2 2494 2572 233974.1546875 420186.05234375 
983 2 2494 2497 233973.9965625 420200.71875 
984 2 2495 2575 233976.94 420186.09984375 
985 2 2495 2498 233976.7703125 420200.7578125 
986 2 2496 2574 233979.85875 420186.1496875 
987 2 2496 2499 233979.5865625 420200.79734375 
988 2 2500 2501 233956.1925 420163.0584375 
989 2 2502 2529 233981.1396875 420111.96109375 
990 2 2502 2580 233977.66625 420137.53546875 
991 2 2503 2530 233978.2953125 420111.53984375 
992 2 2503 2581 233974.85625 420137.20375 
993 3 2504 2532 2534 233986.651875 420112.7775 
994 3 2504 2533 2582 233983.388125 420138.2109375 
995 2 2505 2531 233984.0084375 420112.3859375 
996 2 2505 2583 233980.5959375 420137.88125 
997 2 2506 2557 233977.7896875 420094.930625 
998 2 2506 2509 233978.624375 420090.44421875 
999 3 2507 2558 2559 233971.7215625 420093.930625 
1000 3 2507 2510 2570 233972.5715625 420089.205625 
1001 2 2508 2556 233974.8228125 420094.44171875 
1002 2 2508 2511 233975.6709375 420089.83984375 
1003 2 2509 2513 233984.080625 420063.7653125 
1004 2 2510 2515 233978.0359375 420062.37640625 
1005 2 2511 2512 233981.163125 420063.095 
1006 2 2512 2518 233983.684375 420052.10484375 
1007 3 2513 2516 2517 233986.6459375 420052.83796875 
1008 2 2514 2571 233974.870625 420061.6490625 
1009 2 2514 2520 233977.7003125 420050.6234375 
1010 2 2515 2519 233980.7046875 420051.3671875 
1011 2 2516 2522 233993.126875 420037.21984375 
1012 2 2517 2521 233990.550625 420036.56515625 
1013 2 2518 2523 233987.761875 420035.8565625 
1014 2 2519 2524 233984.899375 420035.12921875 
1015 2 2520 2624 233981.926875 420034.37390625 
1016 2 2521 2639 233997.444375 420010.22296875 
1017 2 2522 2640 234000.0671875 420010.9353125 
1018 2 2523 2642 233994.6896875 420009.47484375 
1019 3 2524 2625 2641 233991.855 420008.705 
1020 3 2525 2526 2683 233997.6109375 420032.58765625 
1021 2 2525 2530 233986.9203125 420065.63828125 
1022 2 2526 2529 233989.26 420066.19328125 
1023 3 2527 2549 2684 234003.2403125 420034.076875 
1024 3 2527 2532 2548 233994.9275 420067.5371875 
1025 2 2528 2685 234000.535 420033.36125 
1026 3 2528 2531 2547 233992.133125 420066.87453125 
1027 1 2533 233994.6928125 420128.95546875 
1028 1 2534 233994.8075 420125.68 
1029 2 2535 2539 232483.8771875 420787.3665625 
1030 3 2536 2537 2540 232482.50140625 420780.5078125 
1031 2 2538 2541 232483.188125 420783.9315625 
1032 2 2539 2542 232479.48359375 420788.31875 
1033 3 2540 2543 2545 232478.098125 420781.4290625 
1034 2 2541 2544 232478.79375 420784.888125 
1035 2 2542 2568 232453.544375 420793.8375 
1036 3 2543 2546 2569 232452.11171875 420786.7875 
1037 2 2544 2567 232452.83765625 420790.3596875 
1038 2 2545 2546 232463.21 420778.3128125 
1039 1 2547 234010.8290625 420054.09875 
1040 1 2548 234010.760625 420058.0309375 
1041 1 2549 234009.0140625 420045.5953125 
1042 3 2550 2731 2768 234030.714375 419682.76484375 
1043 3 2551 2732 2743 234030.836875 419687.86859375 
1044 2 2552 2557 233975.103125 420111.12375 
1045 2 2553 2558 233966.2165625 420109.9134375 
1046 2 2554 2559 233969.180625 420110.3171875 
1047 2 2555 2556 233972.2009375 420110.7284375 
1048 3 2560 2588 2589 232409.36859375 420811.825 
1049 2 2561 2591 232410.77109375 420818.9815625 
1050 2 2562 2590 232410.0425 420815.26375 
1051 2 2563 2601 232329.57453125 420816.4721875 
1052 2 2563 2567 232347.084375 420812.7796875 
1053 2 2564 2602 232330.25625 420819.8771875 
1054 2 2564 2568 232347.7384375 420816.3321875 
1055 2 2565 2606 232328.2640625 420809.9271875 
1056 4 2565 2566 2569 2596 232346.44875 420809.3278125 
1057 2 2566 2603 232328.883125 420813.0190625 
1058 1 2570 233962.8365625 420078.61265625 
1059 1 2571 233963.09625 420074.0290625 
1060 2 2572 2576 233974.4034375 420176.89453125 
1061 2 2573 2577 233971.6478125 420176.794375 
1062 2 2573 2607 233971.4059375 420186.0053125 
1063 3 2574 2578 2687 233980.19875 420177.10515625 
1064 2 2575 2579 233977.1953125 420176.99609375 
1065 2 2576 2580 233977.0034375 420143.07171875 
1066 2 2577 2581 233974.200625 420142.72953125 
1067 3 2578 2582 2686 233982.71 420143.7684375 
1068 2 2579 2583 233979.936875 420143.42984375 
1069 2 2584 2763 234027.959375 419677.93609375 
1070 2 2585 2729 234027.8684375 419674.5784375 
1071 2 2586 2730 234027.7734375 419671.07109375 
1072 2 2587 2740 234027.624375 419665.5809375 
1073 3 2588 2592 2596 232348.5284375 420820.5809375 
1074 2 2589 2593 232349.3415625 420824.4771875 
1075 2 2590 2594 232350.068125 420827.9584375 
1076 2 2591 2595 232350.84625 420831.686875 
1077 2 2592 2600 232330.955625 420824.451875 
1078 2 2593 2597 232331.73953125 420828.1934375 
1079 2 2594 2598 232332.46625 420831.661875 
1080 2 2595 2599 232333.2353125 420835.333125 
1081 3 2597 2605 2615 232306.18453125 420833.5653125 
1082 2 2598 2616 232306.915390625 420836.9653125 
1083 2 2599 2617 232307.69734375 420840.6034375 
1084 1 2600 232314.8021875 420803.804375 
1085 2 2601 2609 232306.803125 420821.2890625 
1086 2 2602 2608 232307.531015625 420824.6440625 
1087 2 2603 2610 232306.061953125 420817.873125 
1088 2 2604 2611 232305.3884375 420814.76875 
1089 1 2604 232312.70578125 420803.7840625 
1090 1 2605 232318.23203125 420799.1859375 
1091 1 2606 232321.07796875 420799.2384375 
1092 2 2608 2612 232289.18546875 420828.6021875 
1093 2 2609 2613 232288.46484375 420825.2034375 
1094 3 2610 2611 2614 232287.732109375 420821.7471875 
1095 3 2612 2621 2668 232247.455234375 420837.344375 
1096 2 2613 2622 232246.8496875 420833.935 
1097 2 2614 2623 232246.231640625 420830.455625 
1098 2 2615 2618 232254.41859375 420844.461875 
1099 2 2616 2619 232255.1203125 420847.9221875 
1100 3 2617 2620 2669 232255.8721875 420851.629375 
1101 2 2618 2688 232191.466328125 420857.814375 
1102 2 2619 2689 232192.18046875 420861.2503125 
1103 3 2620 2638 2690 232192.964921875 420865.0246875 
1104 2 2621 2703 232189.650546875 420849.545 
1105 2 2622 2704 232188.870625 420846.1071875 
1106 2 2623 2705 232188.101640625 420842.7178125 
1107 1 2624 233979.323125 420024.9384375 
1108 1 2625 233978.3484375 420015.935 
1109 3 2627 2733 2763 234065.6971875 419715.7903125 
1110 2 2627 2632 234063.7034375 419750.93703125 
1111 2 2628 2734 234068.688125 419715.89328125 
1112 2 2628 2631 234066.769375 419751.1984375 
1113 2 2629 2735 234071.6990625 419715.996875 
1114 3 2629 2633 2786 234069.8690625 419751.46265625 
1115 2 2630 2742 234075.19625 419716.11734375 
1116 2 2630 2634 234073.268125 419751.7525 
1117 2 2631 2635 234060.821875 419790.335 
1118 2 2632 2636 234057.813125 419789.71078125 
1119 2 2633 2637 234063.84625 419790.96234375 
1120 2 2634 2691 234068.4225 419791.9115625 
1121 2 2635 2679 234051.74625 419832.1875 
1122 2 2636 2677 234048.8278125 419831.56046875 
1123 3 2637 2678 2692 234054.6278125 419832.8065625 
1124 1 2638 232211.61578125 420872.9284375 
1125 2 2639 2643 234024.3665625 419907.338125 
1126 2 2640 2644 234026.9934375 419908.03546875 
1127 3 2641 2645 2647 234018.810625 419905.8634375 
1128 2 2642 2646 234021.611875 419906.60703125 
1129 2 2643 2650 234030.26875 419884.6515625 
1130 2 2644 2651 234032.9165625 419885.39671875 
1131 2 2645 2653 234024.7340625 419883.09375 
1132 2 2646 2649 234027.5340625 419883.881875 
1133 2 2647 2648 234013.8953125 419893.16625 
1134 2 2648 2652 234021.78875 419882.26484375 
1135 2 2649 2657 234031.7603125 419867.42859375 
1136 2 2650 2654 234034.4884375 419868.1528125 
1137 2 2651 2655 234037.1034375 419868.84703125 
1138 3 2652 2653 2656 234029.0265625 419866.70296875 
1139 2 2654 2658 234046.3040625 419814.46359375 
1140 3 2655 2659 2660 234049.1459375 419815.00828125 
1141 2 2656 2661 234040.4965625 419813.350625 
1142 2 2657 2662 234043.493125 419813.92484375 
1143 2 2658 2666 234054.5603125 419750.2290625 
1144 3 2659 2663 2786 234060.4546875 419750.6975 
1145 2 2660 2665 234057.4865625 419750.4615625 
1146 2 2661 2664 234047.946875 419749.7034375 
1147 2 2662 2667 234051.516875 419749.9871875 
1148 2 2663 2766 234062.2390625 419719.00375 
1149 3 2664 2736 2743 234049.2709375 419718.52890625 
1150 2 2665 2737 234059.25 419718.894375 
1151 2 2666 2738 234056.260625 419718.78484375 
1152 2 2667 2739 234053.2803125 419718.67578125 
1153 1 2668 232218.851171875 420871.68875 
1154 1 2669 232228.444609375 420869.8178125 
1155 2 2670 2702 232190.5328125 420853.43375 
1156 1 2670 232222.1890625 420871.0378125 
1157 2 2671 2694 233228.38796875 419085.80828125 
1158 2 2676 2693 233226.70015625 419088.1496875 
1159 2 2677 2680 234038.2575 419876.7534375 
1160 2 2678 2681 234044.1109375 419878.253125 
1161 2 2679 2682 234041.15375 419877.49546875 
1162 2 2680 2683 234023.924375 419932.236875 
1163 2 2681 2684 234029.6028125 419933.75171875 
1164 2 2682 2685 234026.8328125 419933.01265625 
1165 2 2686 2687 233987.418125 420160.5384375 
1166 2 2688 2726 232157.908984375 420864.8778125 
1167 2 2689 2727 232158.635859375 420868.3853125 
1168 3 2690 2706 2728 232159.5228125 420872.665 
1169 2 2691 2692 234071.2228125 419811.00234375 
1170 1 2693 233213.22234375 419077.0784375 
1171 1 2694 233215.05296875 419074.837421875 
1172 1 2695 233216.97265625 419072.4875 
1173 2 2695 2801 233230.1059375 419083.424921875 
1174 2 2696 2730 234101.5721875 419676.059375 
1175 2 2696 2698 234145.2090625 419667.64015625 
1176 3 2697 2729 2766 234101.9021875 419679.27609375 
1177 1 2697 234145.8084375 419670.843125 
1178 2 2698 2741 234101.1921875 419672.35765625 
1179 1 2699 234146.47375 419674.2596875 
1180 2 2699 2767 234105.6040625 419682.18953125 
1181 1 2700 234147.040625 419677.3753125 
1182 2 2700 2731 234105.920625 419685.298125 
1183 1 2701 234147.6165625 419680.54046875 
1184 3 2701 2732 2742 234106.2453125 419688.48765625 
1185 3 2702 2706 2718 232157.0278125 420860.6040625 
1186 2 2703 2717 232156.21484375 420856.5540625 
1187 2 2704 2720 232155.511015625 420853.0471875 
1188 2 2705 2719 232154.8303125 420849.655625 
1189 2 2707 2739 234054.76 419652.77 
1190 1 2707 234054.383125 419606.80234375 
1191 2 2708 2738 234057.750625 419652.7375 
1192 1 2708 234057.415 419606.80578125 
1193 3 2709 2737 2767 234060.7328125 419652.705 
1194 1 2709 234060.4225 419606.8090625 
1195 2 2710 2740 234048.46125 419652.83859375 
1196 1 2710 234048.0303125 419606.7953125 
1197 2 2711 2736 234051.760625 419652.80265625 
1198 1 2711 234051.3353125 419606.79890625 
1199 1 2712 234075.1446875 419606.68890625 
1200 2 2712 2735 234075.719375 419665.59921875 
1201 1 2713 234078.413125 419606.68734375 
1202 2 2713 2741 234080.9190625 419665.521875 
1203 1 2714 234066.01375 419606.6934375 
1204 2 2714 2768 234066.5409375 419665.73609375 
1205 1 2715 234069.06875 419606.691875 
1206 2 2715 2733 234069.634375 419665.69 
1207 1 2716 234072.149375 419606.6903125 
1208 2 2716 2734 234072.7075 419665.64421875 
1209 2 2717 2722 232121.901953125 420863.6325 
1210 2 2718 2723 232122.659140625 420867.6740625 
1211 3 2719 2724 2725 232120.613046875 420856.7534375 
1212 2 2720 2721 232121.2575 420860.1928125 
1213 2 2721 2758 232104.443671875 420863.6534375 
1214 3 2722 2723 2757 232105.182890625 420867.1528125 
1215 2 2724 2759 232103.715703125 420860.2071875 
1216 2 2725 2760 232102.9009375 420856.3503125 
1217 2 2744 2772 231877.365859375 420881.8621875 
1218 2 2744 2748 231984.14515625 420883.890625 
1219 3 2745 2769 2773 231877.952109375 420874.8921875 
1220 3 2745 2749 2765 231983.770625 420876.91125 
1221 2 2746 2771 231877.6575 420878.395 
1222 2 2746 2747 231983.957890625 420880.4009375 
1223 2 2747 2750 232001.7975 420879.220625 
1224 2 2748 2751 232002.093046875 420882.726875 
1225 2 2749 2753 232001.499296875 420875.6828125 
1226 2 2750 2755 232043.84578125 420874.7615625 
1227 2 2751 2754 232044.288671875 420878.225 
1228 2 2752 2764 232001.16015625 420871.66 
1229 2 2752 2762 232042.89265625 420867.3084375 
1230 2 2753 2756 232043.393046875 420871.2209375 
1231 2 2754 2757 232061.82734375 420875.5146875 
1232 2 2755 2758 232061.272265625 420872.004375 
1233 2 2756 2759 232060.72453125 420868.5396875 
1234 2 2760 2761 232060.118515625 420864.7075 
1235 2 2761 2762 232050.160078125 420861.853125 
1236 2 2764 2765 231991.156953125 420867.9690625 
1237 2 2769 2770 231868.85375 420868.48125 
1238 3 2770 2773 2776 231859.455390625 420872.739375 
1239 2 2771 2775 231859.044375 420876.445 
1240 2 2772 2774 231858.657109375 420879.935625 
1241 2 2774 2799 231826.020546875 420875.616875 
1242 1 2777 233977.1503125 420951.4990625 
1243 1 2778 233974.2675 420951.4878125 
1244 1 2779 233980.0659375 420951.510625 
1245 3 2787 2791 2792 232915.85984375 420707.4715625 
1246 2 2788 2793 232915.8553125 420704.6478125 
1247 2 2789 2794 232915.850625 420701.744375 
1248 2 2790 2795 232915.84640625 420699.1878125 
1249 1 2796 233996.105 420906.274375 
1250 1 2797 233996.0390625 420910.235 
1251 1 2806 232798.80421875 420543.716875 
1252 3 2806 2809 2811 232798.8015625 420537.67375 
1253 3 2807 2808 2810 232806.63671875 420537.83671875 
1254 1 2807 232806.60171875 420543.891875 
1255 3 2812 2814 2816 232693.393125 420536.354375 
1256 2 2812 4443 232686.60640625 420548.4125 
1257 2 2813 4451 232683.5603125 420546.774375 
1258 3 2813 2815 2817 232690.216875 420534.665625 
1259 3 4437 4440 4442 232816.48921875 420362.85234375 
1260 3 4438 4439 4441 232816.4946875 420366.261875 
1261 1 4441 232826.87359375 420366.2640625 
1262 1 4442 232826.885 420362.79828125 
1263 2 4443 4457 232660.81828125 420596.1384375 
1264 2 4444 4456 232591.38375 420653.208125 
1265 2 4444 4455 232569.33421875 420653.5021875 
1266 2 4445 4455 232536.02 420629.9034375 
1267 2 4445 4460 232527.73796875 420628.5175 
1268 2 4446 4461 232456.11171875 420628.8965625 
1269 2 4446 4453 232413.091875 420629.2353125 
1270 1 4447 232403.0084375 420599.57765625 
1271 2 4447 4464 232403.0084375 420619.91109375 
1272 2 4448 4463 232528.12171875 420625.1153125 
1273 2 4448 4459 232537.3540625 420626.5675 
1274 2 4449 4454 232589.28078125 420650.708125 
1275 2 4449 4450 232649.015 420608.0728125 
1276 2 4450 4458 232656.965625 420594.39890625 
1277 2 4451 4458 232668.579375 420574.42484375 
1278 2 4452 4464 232413.0365625 420625.718125 
1279 2 4452 4462 232460.4953125 420625.4440625 
1280 2 4453 4465 232399.7728125 420620.456875 
1281 2 4454 4459 232570.6459375 420650.363125 
1282 2 4456 4457 232652.62390625 420609.49171875 
1283 2 4460 4461 232469.1540625 420628.9146875 
1284 2 4462 4463 232470.9621875 420625.393125 
1285 1 4465 232399.5559375 420599.741875 
